-3.552713678800500929e-15 -8.881784197001252323e-16 9.882904196416507858e+00
6.829415370783853412e-02 -1.726444630117462964e-02 9.764737575879049558e+00
1.606864183129881329e-01 -2.148135542064100179e-02 9.697649766542255634e+00
2.265572586655164589e-01 -2.097394347292258487e-02 9.659078790130360304e+00
2.428479462433410507e-01 8.359419827787206714e-03 9.626271297164420204e+00
2.855557115734705942e-01 1.651049173446406115e-02 9.682579143716020909e+00
3.349831902584923249e-01 3.646164605062729436e-02 9.725333885362935860e+00
3.868791844121379775e-01 3.640846368704497849e-02 9.739016626624865225e+00
3.507357896810430198e-01 5.926299870786788659e-02 9.704538061685262562e+00
3.397571412190285578e-01 7.655406256282137889e-02 9.785383910179243472e+00
3.371421623460975070e-01 5.486906581596606713e-02 9.767021739158826321e+00
4.489960621967565846e-01 7.990876804028612668e-02 9.823941739173902121e+00
4.885347979651721850e-01 9.502888150566413117e-02 9.898709077495050579e+00
5.136156555632733767e-01 1.256040582174069442e-01 9.824719010538807140e+00
5.358288895497362869e-01 1.393479582106786907e-01 9.783971493843457878e+00
5.560520134996016495e-01 1.669016484624288310e-01 9.782166231474988649e+00
5.293216684929615834e-01 1.673540668218089777e-01 9.737535598077577959e+00
4.917211729177481949e-01 1.681239604537898558e-01 9.687848389449058573e+00
4.809317503751688871e-01 1.716940829375719346e-01 9.694103833449966956e+00
4.374989373654971647e-01 1.540167252795727748e-01 9.740262552033760457e+00
4.007284489271807360e-01 1.354136597996697944e-01 9.794752358261698433e+00
3.785931219828160277e-01 1.120674102541379114e-01 9.817809405670759659e+00
3.179155143433802788e-01 4.998081465620352049e-02 9.762493175238695642e+00
3.033760090755943661e-01 3.950622033440343017e-02 9.764560763534694487e+00
2.884753280676497500e-01 2.725030259138527811e-02 9.744725960113036933e+00
2.627044964911322555e-01 1.531186012096785731e-02 9.719834581460272460e+00
2.702861820520188196e-01 4.665520251826560383e-02 9.739520644459805254e+00
2.524728485106488840e-01 4.936957377893502752e-02 9.715543510731956545e+00
4.265469258553689080e-01 5.851084034838205383e-02 9.729344892513889675e+00
4.999220453450976542e-01 9.996377933179001474e-02 9.728151760708129814e+00
4.164745243663254826e-01 1.325040578927412227e-01 9.715951011236358070e+00
3.319608770619499882e-01 1.776924434356619287e-01 9.785778688108329959e+00
4.363343585100822875e-01 1.985989823692220213e-01 9.835790480849798456e+00
5.448238895719690333e-01 1.782939230284092957e-01 9.784208987035276195e+00
5.856617392879424067e-01 1.519556386253633207e-01 9.723877887548526999e+00
5.813279263168031896e-01 1.336122443107230495e-01 9.681179094648156180e+00
5.218894462243897081e-01 1.206641580471243813e-01 9.637601836331295857e+00
4.921323712096814518e-01 1.106341766156244688e-01 9.632590755304939023e+00
4.611216720088580079e-01 1.162219187512052443e-01 9.653789103516587033e+00
4.914953052259363186e-01 1.064651125100111173e-01 9.644963794277462199e+00
5.278221088110077730e-01 9.735623596324138873e-02 9.719396043594189294e+00
5.465393829395943648e-01 9.909484342788488220e-02 9.798131781256822492e+00
4.952928080527656540e-01 7.888440496897164422e-02 9.877674858992520512e+00
5.172881433629281656e-01 8.028884941064884373e-02 1.001145953020489898e+01
4.960384949690956891e-01 8.968821198652143778e-02 9.938811146972330590e+00
4.954623475653772147e-01 4.120788306708789150e-02 9.801619299940400154e+00
4.948310380060287894e-01 9.571529326559691242e-03 9.699445900465562431e+00
4.864078900814401418e-01 -1.735655083583154124e-02 9.647986641679526798e+00
4.998934093364169051e-01 -4.227456541679419644e-02 9.674132373066635537e+00
5.837833054096819296e-01 -6.978004793185466070e-02 9.719548981432192036e+00
6.243676283713321951e-01 -9.126557334380436259e-02 9.710822056915684897e+00
7.161255040751790535e-01 -1.163666274241093035e-01 9.671970876272428796e+00
8.360945717530710031e-01 -1.125941626760464942e-01 9.710289575626946501e+00
9.262240137788884109e-01 -1.221042679905206541e-01 9.732284353348541472e+00
1.041073108372577272e+00 -1.028195296871148301e-01 9.658386808020031467e+00
1.205392092070775689e+00 -7.867210258919854482e-02 9.648765023936920926e+00
1.287839914070824321e+00 -7.777024130331078311e-02 9.473432702550734774e+00
1.344818885906964745e+00 -3.675125584353722274e-02 9.298402171398745253e+00
1.486870055596347662e+00 3.678244299484667579e-02 9.361822126696930368e+00
1.600426404090221855e+00 1.163434957592341945e-01 9.305752220234019489e+00
1.772042274464099787e+00 2.303423728420259664e-01 9.432908623386511593e+00
1.946367875302129624e+00 3.212388092076698953e-01 9.535927281082512863e+00
2.027593140083333800e+00 4.642118238500740901e-01 9.778237306476192714e+00
1.911530244628768083e+00 4.543482205796367523e-01 9.387175448450859605e+00
2.148267073191630239e+00 5.470550765840194174e-01 1.002872143274098349e+01
2.273763829276767900e+00 6.973295187227117609e-01 1.040291769077947670e+01
2.199646105288795450e+00 6.963906265485428904e-01 9.872427437416300577e+00
2.199145364123881841e+00 7.869861043844892379e-01 9.518228190641321973e+00
2.184081469926791197e+00 8.539026551103279239e-01 9.295040859460595328e+00
2.217958256030487796e+00 8.582550260425976241e-01 9.065324400891444867e+00
2.153788637656538718e+00 7.960889298206894615e-01 8.836944519467380132e+00
2.200458837914982091e+00 8.118065287395777041e-01 8.840177029492377159e+00
2.273717454311616759e+00 7.352349692747188747e-01 8.888197070629077601e+00
2.314174537375207397e+00 6.900521291016596948e-01 8.979772397578432930e+00
2.303728238263977879e+00 5.621619000904436447e-01 9.027781817355572613e+00
2.177176210311648319e+00 5.103202662383501398e-01 9.141445279183454176e+00
2.084246991030829221e+00 3.987192352427082476e-01 9.241860184105817666e+00
2.062618702284769512e+00 3.262744447555592231e-01 9.339708527102468238e+00
1.959110454003876844e+00 3.377653078696924993e-01 9.351937353526670549e+00
1.757989857289598890e+00 2.787775872038764646e-01 9.324850049232143334e+00
1.623854398873430194e+00 2.585933341986486056e-01 9.400236382258132295e+00
1.493755698649368746e+00 2.235160099876170037e-01 9.375855952971427598e+00
1.405015357227881845e+00 1.417468655370077713e-01 9.644083288340537408e+00
1.299558941596152595e+00 6.031847700135539725e-02 1.004377667449997169e+01
1.152919742273663228e+00 -9.060533365618184121e-03 1.029494837147150399e+01
8.704556251121873256e-01 -2.247935341572837586e-01 1.052127221087338960e+01
5.604716865688395000e-01 -5.274300051820102198e-01 1.094730898442217359e+01
8.037856571389581095e-01 -8.300058800490672795e-01 1.241291350099676194e+01
4.667199551028846649e-01 -9.495155884902368726e-01 1.169545870129071830e+01
9.093399457263835473e-01 -1.266183812307290601e+00 1.352017959060338903e+01
8.120993855972553632e-01 -1.923635087668156274e+00 1.415376162699815765e+01
-6.820705048757980116e-01 -2.470559623660542492e+00 1.327640076595621643e+01
-2.173707649768563677e+00 -3.102234951420129505e+00 1.095007009873863879e+01
-2.336526177403182025e+00 -3.461030444590311728e+00 1.070981747463297040e+01
-2.412803283601992810e+00 -3.682233534617868731e+00 1.016440663034749292e+01
-2.364515119484324135e+00 -3.582748120549349657e+00 9.690059468471551085e+00
-1.922085332576878969e+00 -3.378274619860866856e+00 9.585226084193307017e+00
-1.566563251438980675e+00 -3.038494281902973881e+00 9.527150012626801612e+00
-1.290397809083395853e+00 -2.704804710777735988e+00 9.146811113117694347e+00
-1.017434101218310349e+00 -2.356776226972388866e+00 8.853145818404998479e+00
-6.889289105751754683e-01 -1.926464495068302973e+00 8.192704643929008768e+00
-5.102186788417858443e-01 -1.739498999688168013e+00 7.609985305482910967e+00
-2.277572025786103183e-01 -1.421372223402841861e+00 7.187070344063319460e+00
1.042000669455622752e-02 -1.217147099242040120e+00 7.031673572943867967e+00
1.766887589113599333e-01 -1.069578944694714817e+00 6.969274811147148974e+00
4.127403215956378935e-01 -9.699169330013548418e-01 7.059981240111930845e+00
6.760268902847585970e-01 -9.493760352713098705e-01 7.256970779522918136e+00
8.903916804535484397e-01 -9.584935962903968765e-01 7.307995233091317822e+00
1.149580863658841601e+00 -1.042143138268990743e+00 7.281533060728782480e+00
1.314194443421104141e+00 -1.060615761781652733e+00 7.403963550511403646e+00
1.268208937442210971e+00 -1.183681607836331029e+00 7.460196716229787306e+00
1.392623565230201477e+00 -1.296717969228644574e+00 7.989315615303107521e+00
1.466114434740736439e+00 -1.423846528417067159e+00 8.467951696327364886e+00
1.634561613660058033e+00 -1.549161311206449287e+00 9.286159780727398783e+00
1.830339573467552050e+00 -1.566959634747351782e+00 1.015452152213978465e+01
1.830565446499501592e+00 -1.613657511416419332e+00 1.054027093747696142e+01
2.052920818865890951e+00 -1.559523942104411809e+00 1.166119405406629639e+01
1.692446065889151807e+00 -1.412570262889397910e+00 1.224551937908441523e+01
1.325836365920046278e+00 -1.991697197087282767e+00 1.169732814310911984e+01
2.877939997728196531e+00 -2.030444715914359932e+00 1.748507312178101003e+01
8.462652132636725444e-01 -6.515374446555899368e-01 1.480982363326489626e+01
-7.437688901515548956e-01 -1.036022170047985469e+00 1.088096690598780469e+01
-1.963197084118512237e+00 -2.714236434825005873e-01 1.009397391458865734e+01
-1.762869116606296416e+00 -1.635978142316751871e-02 1.094728212181966853e+01
-2.117396480113848511e+00 1.215212564488428626e+00 1.191439911795777284e+01
-1.648679972918934089e+00 1.585556133714784544e+00 1.145952593453553270e+01
-1.270934842051482327e+00 2.219827716425934128e+00 1.156449040995472544e+01
-8.355885051193974178e-01 2.357540635337410428e+00 1.127875482007013019e+01
-4.534022106629428395e-01 2.294108800683221538e+00 1.110471858748895713e+01
-3.428130899110251040e-01 1.860123620514111398e+00 1.017658914657249802e+01
-2.006225683049771558e-01 1.294058592525997309e+00 9.026270780186820275e+00
-1.524640149494500552e-01 6.166634965279986780e-01 7.922330772222362150e+00
-6.846370962752423850e-03 1.520271437264510972e-01 7.222322673545610527e+00
1.572329631668792915e-01 -2.489802919883943311e-01 6.780339253542122968e+00
1.523071600437595485e-01 -4.824758996027203040e-01 6.652027046681631361e+00
1.884826482687994575e-01 -5.993094375270566765e-01 6.477470893977803179e+00
1.095695111665112575e-01 -7.953310227512511155e-01 6.390466747899185229e+00
3.599281545131118865e-01 -6.327766490589099568e-01 6.691586313452705603e+00
3.120019980329036269e-01 -8.249112889052243602e-01 6.550190994215603801e+00
-6.384267000580334805e-02 -3.500931978489538743e-01 7.481149564338656077e+00
-1.929572977296644121e-01 -3.843570793915418449e-01 7.347564473185620670e+00
-3.688071808268615914e-01 -1.894818706007574960e-01 9.087562153956040945e+00
2.086294587863515293e-01 -5.645362120971988418e-01 9.256888896297205349e+00
-2.064069406301236587e-01 -7.373734056955418836e-01 9.937137916579082741e+00
1.354933746406257189e-01 -8.438275750100006078e-01 1.171863028748762225e+01
5.795611275261070006e-04 -9.836237117371879890e-01 1.164713327450451885e+01
-4.106601829935576653e-01 -1.129793734520347925e+00 1.172312975294790149e+01
-4.902533228331893422e-01 -1.692213345056566176e+00 1.280457151306850960e+01
8.445406961734731599e-01 5.575327003591921127e-01 1.716827584434820508e+01
-5.633009229934158313e-01 -2.593875436505152621e+00 1.201202673963965317e+01
-2.165524458181612211e+00 -8.402337391801761868e-01 1.248517679863491381e+01
-2.718830863163180567e+00 -1.113221340878488341e+00 1.173864635658022060e+01
-2.578469845270785932e+00 -1.460285589619995328e+00 1.173404838020972285e+01
-2.750327693423107345e+00 -1.530864689013065494e+00 1.174550421925874133e+01
-3.037818376967521328e+00 -2.507307913692860879e+00 1.060352776863198265e+01
-2.810519289404249665e+00 -2.981264256403708401e+00 1.014654705057589013e+01
-2.711944456897242617e+00 -3.028358271814833191e+00 9.437547259976717839e+00
-2.457696598201208005e+00 -3.270780687626851702e+00 8.644924482280828215e+00
-2.414089898666536449e+00 -3.054320242230980309e+00 8.041258612928656291e+00
-2.428478961183748730e+00 -2.607464746175976789e+00 7.744683229999943741e+00
-2.164904269271699544e+00 -2.253401045780768719e+00 7.319087954346042757e+00
-1.844203535529005400e+00 -1.856020834793102203e+00 6.943901975948267413e+00
-1.635127893164521895e+00 -1.570700489097179631e+00 6.753996485906935909e+00
-1.171902497526138287e+00 -1.599337380276462550e+00 6.144669807514918425e+00
-8.715735130463770908e-01 -1.455412007222190329e+00 6.056303478935849860e+00
-5.702581598171350130e-01 -1.529246040770106951e+00 5.901363205461255035e+00
-3.159755706062201686e-01 -1.464076239284052061e+00 6.018794792981228881e+00
5.382049529558197154e-02 -1.526713460855902316e+00 6.457742148957215100e+00
2.408473499956081953e-01 -1.730199458349199304e+00 7.062295197374946376e+00
3.647373402183520241e-01 -2.028841213868530780e+00 8.054612547412192569e+00
5.141008850646636708e-01 -2.239495092256319708e+00 8.908040705279113070e+00
8.048810797961897245e-01 -2.617001654273367173e+00 9.574207341444544994e+00
9.974373167097058124e-01 -3.186987034344761049e+00 1.058948713839737188e+01
1.185947766440200946e+00 -3.277468919144855164e+00 1.173381559039812139e+01
9.372719289607540638e-01 -3.480279711242496354e+00 1.084000743096701136e+01
1.076610476019543849e+00 -4.242913119107099895e+00 1.491180731812126226e+01
1.180534600430986902e+00 -1.347183819910581448e+00 1.579246395014202342e+01
4.087139202495628787e-01 -3.117903184404059225e+00 1.274300759545827511e+01
-1.255427110490392462e+00 -2.067927855912368607e+00 1.059628181135436975e+01
-1.060502873971198579e+00 -9.315515498218092105e-01 1.183205902765809370e+01
1.146756144403811017e-01 -2.724016471551493623e-02 1.278445645959909349e+01
6.383337960151427293e-01 1.001635346579127450e+00 1.285204355236836449e+01
8.953450148659438668e-01 1.439012871821349293e+00 1.191548186936782017e+01
6.016837636848593185e-01 2.011123978560653391e+00 1.180915362557395021e+01
3.737841406130377742e-01 1.938244951842132302e+00 1.037171340143790488e+01
9.272438400636473510e-02 2.067934757024117332e+00 8.992437598170823776e+00
2.271273637094073372e-01 2.062005775583579670e+00 7.860123822037627050e+00
3.409469002912308699e-01 1.716527694313209285e+00 7.077342159071481120e+00
3.592839179757626455e-01 1.201274805274447299e+00 6.723872667582265095e+00
5.193237219458523013e-01 5.749797020898075317e-01 5.576911367163999600e+00
-6.348270545372136642e-02 2.250324031689219240e-01 5.960309731360720065e+00
1.786469807916839514e-01 1.176125616535785845e-01 6.047601224070607628e+00
2.080156501415242332e-03 2.087743527229135587e-01 6.507913723448019105e+00
-4.772268637592824714e-01 2.104900056830327770e-01 6.580098731979790116e+00
-1.189934524394354876e+00 2.332164932582880823e-01 6.856828036175378394e+00
-1.344078649537446379e+00 1.492891049210891552e-01 8.194680974555293318e+00
-1.310249617944704958e+00 3.041914532175926666e-02 1.034873529756117883e+01
-1.404837223599127105e+00 -2.277153581639250746e-01 1.158276049096395610e+01
-1.567890641493809856e+00 -6.474824558690919218e-01 1.236567614860278930e+01
-1.642965342395880768e+00 -1.248632814505165278e+00 1.305153441950879944e+01
-2.266848224292591141e+00 -2.195139666421966673e+00 1.145389486581190930e+01
-2.782953583874764991e+00 -3.069120726388828935e+00 1.162816805415926780e+01
-1.287218615755247875e-02 -2.520841992482127480e+00 1.876487612548807604e+01
-1.863279107749755248e+00 -4.553304314703973787e+00 1.209378651478681732e+01
-4.062619773540062873e+00 -2.972970319184061072e+00 9.714588745863201424e+00
-3.615018897322023861e+00 -2.221134535370295815e+00 1.087970665611605803e+01
-2.921657613031272582e+00 -2.843552085597520040e+00 1.165543135823841681e+01
-3.133549662694998350e+00 -3.674477747348869006e+00 1.090889631657098846e+01
-3.278400438765260105e+00 -4.257979661739761390e+00 1.036245991521397158e+01
-3.292131719906539189e+00 -4.328358202423676637e+00 9.152042579735244487e+00
-2.712262204147041000e+00 -4.287654574367222082e+00 8.456873307182229738e+00
-2.708166929588140981e+00 -3.451894635098494923e+00 8.562843041436025260e+00
-2.308842242459970606e+00 -2.524376011514514406e+00 8.476804897221565938e+00
-2.104316998177724773e+00 -2.263775672899364100e+00 8.272459594985480891e+00
-1.402545137705565548e+00 -1.990801352963097237e+00 7.744329647455730381e+00
-1.212943127569807489e+00 -2.092269965280992849e+00 6.894667548055763540e+00
-1.486657693342885445e+00 -2.200029333975231260e+00 6.731288637937979047e+00
-5.571269220927173027e-01 -2.540446422846066810e+00 5.775898633656075809e+00
-3.925237455925216223e-01 -2.729449034176046673e+00 5.994773905997411667e+00
3.262802616050841653e-02 -3.555513556786007889e+00 5.653100997360457569e+00
7.685107734993223971e-02 -3.846371110676151339e+00 5.912955757292884584e+00
5.527806576865676447e-02 -4.231017727522885963e+00 5.686455633377521579e+00
-1.615447609033718868e-01 -4.426325621547681166e+00 6.439966421132117702e+00
-2.471624610320229953e-01 -4.713756786076886307e+00 6.987526647347523046e+00
-1.753335424995561276e-01 -4.985420249987024377e+00 7.911808645637981030e+00
-4.118575789390184760e-01 -5.076783247158314083e+00 7.709826908282192193e+00
-2.918269981560934756e-01 -5.215995519095383059e+00 9.081366630149569019e+00
-5.148646897539764788e-01 -5.036919699284386098e+00 9.194860918599284005e+00
-1.109618855259800529e+00 -4.813921324898242204e+00 9.797301037415760305e+00
-1.507250631356908510e+00 -4.226950700807767802e+00 1.064630593909459932e+01
1.090685603017222283e+00 -5.674019443168224264e+00 1.879060304536616144e+01
-2.272472755560811741e+00 -3.713951970636079736e+00 1.213726044063685094e+01
-2.406606625136053168e+00 -2.929498200107887307e+00 1.114093219009746605e+01
-1.908993660107836110e+00 -3.214559975934451419e+00 1.059458703266268742e+01
-8.591490947988766891e-02 -2.580876093200040522e+00 1.368240516096258474e+01
4.812259186051552895e-01 -2.226494261924856666e+00 1.226136821441895108e+01
9.217426054402295676e-01 -1.622853812236809468e+00 1.130588039495066077e+01
1.216324930646164315e+00 -4.238393078277162829e-01 1.186021135725286157e+01
8.941800230657577231e-01 5.170016463839894882e-01 1.037126039297733548e+01
2.471548551806552751e-01 1.356732781820653599e+00 8.969197230605358229e+00
-8.653929958168171677e-02 1.525922375340488468e+00 8.054070158612052666e+00
-3.789080885478524063e-02 1.535547410492462017e+00 7.928627440272890681e+00
-6.333920943118453994e-02 1.234369522418036880e+00 7.484378834160128058e+00
-5.902199607829228256e-02 1.061504244369184224e+00 7.097696443789221377e+00
1.505376829320983489e-01 7.085217016472218354e-01 7.204965871472978733e+00
-1.996427296967141496e-01 4.020338253079560609e-01 7.389140920945377111e+00
3.049956573891624556e-01 -1.506662517528845058e-02 6.734933329179554562e+00
-2.133233937612113440e-01 1.737107054933471062e-01 7.584349468122182358e+00
8.926087254399006632e-02 1.425762537143384634e-01 7.694485111430620528e+00
-5.049429984354003587e-02 5.502540039767116475e-01 8.716843530165430565e+00
-1.968920076662201701e-01 7.582790599427289280e-01 9.921242014501741480e+00
-6.314874583505624139e-01 9.474055227383724187e-01 1.108326933123998259e+01
-8.101515142668718195e-01 7.818151613419086488e-01 1.187592212521419555e+01
-7.504054477619099828e-01 2.767815251870295867e-01 1.189186028280426122e+01
-3.458385993371311251e-01 7.509753051598799800e-02 1.209015859115603320e+01
6.990838568511259510e-02 -4.153173514807919631e-01 1.160914812383229666e+01
-9.755845575900479183e-02 -6.812201718995014588e-01 1.118722897002779604e+01
1.392605962763521443e+00 -1.912579019314947892e+00 1.639990837462291040e+01
-1.492456700929114533e-01 1.614390968051928610e-01 1.520248705170753567e+01
-1.718765255756096177e+00 -1.466613255182027231e+00 8.596680619264745360e+00
-2.476139660379610419e+00 -1.932067509183008625e-01 9.092324826177337727e+00
-2.284884017057553063e+00 4.319841293793711401e-01 1.202998226510364788e+01
-2.240153927282634072e+00 -6.648696873298645116e-01 1.034854056263278643e+01
-2.551755855270213758e+00 -5.618826837269734753e-01 1.101789440372755458e+01
-2.535244921125388018e+00 -1.167962428077298220e+00 1.010421226768082903e+01
-2.566997022064192002e+00 -1.162183167488357149e+00 9.450179696336695301e+00
-2.165365240332965069e+00 -1.208388315048617212e+00 9.106140114831406507e+00
-1.596973637042329530e+00 -7.714743448465091191e-01 9.582733262756271131e+00
-1.204036447377678565e+00 -6.952831064049993515e-01 9.242334967905673437e+00
-7.970806124915604807e-01 -3.146554308198670213e-01 9.319944982818711310e+00
-6.635550365291817965e-01 -2.350945194659281867e-02 9.449045817218950205e+00
6.806257625347555962e-02 -1.379320675829731613e-01 9.210916362276615033e+00
4.874973506505948517e-01 -3.740978580712557289e-01 9.003163133046639288e+00
1.000075047239138204e+00 -3.436089744412784697e-01 8.467419853741164459e+00
1.010609250735515996e+00 -5.982911075750774188e-01 8.045438098452960318e+00
8.256889086349140650e-01 -8.656600857700036400e-01 7.767717545464174478e+00
7.024298285400527586e-01 -9.136282782692597415e-01 7.733615463218026065e+00
7.291104870499064416e-01 -8.557400558029955029e-01 7.533858396251228662e+00
7.798494569154917899e-01 -7.933242499978749862e-01 7.204248602271018598e+00
8.739566151350829371e-01 -7.438458421281417543e-01 7.289179009902851725e+00
9.364291188872100324e-01 -8.947012956375588466e-01 8.021005640272646176e+00
8.584911285876368758e-01 -1.051689639241038865e+00 8.069751084990068435e+00
7.410717341996766461e-01 -1.294889843511299876e+00 8.845673859437027886e+00
1.176746925392512466e+00 -1.393376839103168230e+00 9.644193923991684514e+00
7.904815767695744233e-01 -1.393464676437953464e+00 9.580379518691604090e+00
1.080314976822565720e+00 -1.817756393654215152e+00 1.211814901277422862e+01
1.540881120643551538e+00 -1.515974317180686981e+00 1.595153944462815154e+01
-4.417486589417924936e-01 -1.162613577222344929e+00 1.063698412077823896e+01
-1.017507923036210293e+00 -1.194383483943843416e+00 1.118296925735373470e+01
-2.376628482509042239e-01 6.599277109993222368e-01 1.460415062841425637e+01
-5.847728043100719475e-02 2.737300792331929244e-01 1.228099225551491891e+01
7.671484438770348468e-02 1.126911078862548266e+00 1.226146250632409007e+01
4.341522371521282508e-01 1.451730777007174567e+00 1.205172448592482226e+01
2.969514462086702000e-01 1.805507285751889235e+00 1.180185553233136453e+01
2.798486001737470197e-01 1.625610036251525337e+00 1.092448166701583645e+01
-1.472077113834449058e-01 1.507052578169914003e+00 9.693504372513052303e+00
-5.990972933249765209e-01 1.155068810272145363e+00 8.466811669429596066e+00
-6.272266297169329929e-01 6.530516680681124342e-01 7.333156644219349651e+00
-5.623421246195966505e-01 5.296742739686379764e-01 7.074555130539526004e+00
-4.969491447196092704e-01 3.867695132072985764e-01 6.903883455922604995e+00
-4.928643652870501324e-02 3.688261362846190217e-01 6.559584660813188250e+00
-5.294253887336686226e-02 3.562783921190941783e-01 6.510170669505038532e+00
1.014102993480395787e-01 3.606597564792797250e-01 6.069289494516426409e+00
2.121235034854519474e-01 4.217373297996589443e-01 6.576479286840680949e+00
2.388161685228756825e-01 3.871579520010839381e-01 6.968731493506576946e+00
3.642687522094686381e-01 3.071667025897233394e-01 8.315545555028419855e+00
5.930234071155116027e-01 5.136618085214523788e-01 1.004158841230951005e+01
6.932360214674360144e-01 5.178009839387875957e-01 1.112590472273216946e+01
1.603577428648299552e-01 5.068954314313112164e-01 1.086004447905322223e+01
3.250682897023700058e-01 7.773155021058277825e-01 1.206081449211395196e+01
3.161607163806856580e-01 7.937305593765104916e-01 1.325395182425025098e+01
-1.033599884499705190e-01 6.485380653575623100e-01 1.297537466439512954e+01
9.400599241822673591e-01 -7.311527830992270438e-01 1.612849708570041685e+01
1.974838142694232968e-01 5.657641911853170669e-01 1.613164941679467645e+01
2.468308722196665972e-01 -1.366615713861092374e+00 1.285927435207326397e+01
-1.221819056409516380e+00 -2.118897828296534058e+00 9.483787823833512931e+00
-6.535955714566843433e-01 -2.480514140736761242e+00 1.178297748842584625e+01
-1.346534591024536764e+00 -2.839086476767020528e+00 1.149166254416766542e+01
-1.765667487533636670e+00 -2.876723650491323170e+00 1.110059319953945156e+01
-2.029061430764319773e+00 -3.015044007903839862e+00 1.020831326594872834e+01
-2.250794915675205399e+00 -2.703964699293525342e+00 9.723848586860768251e+00
-2.337506647362892931e+00 -2.207993304807718715e+00 8.884837766112589463e+00
-2.024700383213589916e+00 -1.568256507688885470e+00 8.502229879625533115e+00
-1.535712010549762363e+00 -1.050451849314054886e+00 8.103762825547148552e+00
-1.170237029361484549e+00 -6.919408435207974328e-01 7.568838496402796601e+00
-9.131528364321881419e-01 -5.705210963847386907e-01 6.939352488355510218e+00
-6.460041561349536554e-01 -3.844825310975181765e-01 7.059587456573240161e+00
6.547169302098376775e-02 -4.306353118679844272e-01 6.829123035967819888e+00
3.146084726772305773e-01 -9.607653966641640508e-01 6.209346560985499863e+00
1.821084327280849680e-01 -8.763979980109515289e-01 6.919536976503031234e+00
4.723338191705265254e-01 -1.171002943903887150e+00 6.785563882858242302e+00
5.106107869918564690e-01 -1.413189996133559667e+00 7.179577321003068668e+00
5.922969845630300378e-01 -1.675440540229189423e+00 7.175414948253171943e+00
6.277135505274900051e-01 -1.730499332395604384e+00 7.474496544822503807e+00
9.096544001170200344e-01 -1.598119876275315043e+00 8.845841940178477358e+00
1.022176478813461742e+00 -1.683706655789931617e+00 9.486590175108663203e+00
8.881967956268230768e-01 -1.558773501633623049e+00 1.032092756132766986e+01
9.086562182326363146e-01 -1.404597621087492421e+00 1.157307259943246791e+01
7.130493724850643922e-01 -1.252329277029846644e+00 1.191981229624785499e+01
3.001947000584246350e-01 -1.299914506548586424e+00 1.149783924136858992e+01
1.233932639981469848e-01 -1.208585413631189098e+00 1.231963287766659931e+01
2.325292428322000227e+00 -5.406969215382062544e-01 2.013110516687358853e+01
-8.805704715131208449e-01 -2.153629393047106433e+00 9.370443514112272609e+00
-2.013055274169872177e+00 -7.058498112691680149e-01 1.031970693342505463e+01
-2.150679004700945640e+00 -4.257222699949574363e-01 1.004353875675117536e+01
-2.538057193818461954e+00 7.288660971892468865e-01 1.277901898439858641e+01
-2.297423450527133593e+00 1.101841811488271539e+00 1.328328244505654077e+01
-2.200133278940024084e+00 1.779595857651120383e+00 1.386914763308825727e+01
-2.086689331680148030e+00 1.697091531353657423e+00 1.243254926061622356e+01
-2.050996871213575101e+00 1.499985334106501256e+00 1.077624034354229643e+01
-1.999409126733428632e+00 1.168443594260389240e+00 8.806924189602744590e+00
-1.793313208215650212e+00 7.845448381753095113e-01 7.182445312364986734e+00
-1.504309806376896930e+00 4.028266520516323723e-01 6.047275016133148107e+00
-1.151920272270949397e+00 3.834508655814472533e-02 5.426967808284482331e+00
-8.024131280383515197e-01 -1.217130565154875832e-01 5.175360396932600082e+00
-5.403190636552051007e-01 -2.854372718927575825e-01 5.273037381955791858e+00
-3.804231843826986204e-01 -3.076676067359698230e-01 5.472948245573631354e+00
-1.282740637871070399e-01 -2.644162443297646270e-01 5.435613044986562947e+00
-6.641654590848466988e-02 -1.010584094131816713e-01 6.149057732181204550e+00
8.618441871907178697e-02 -1.285306975985065492e-01 7.040975329028920093e+00
-6.759417951281843084e-02 -2.677135463121000925e-01 8.273048162404773365e+00
-9.040674252166669422e-02 -3.570671867658630205e-01 9.286057497040751230e+00
-3.829544873319170595e-01 -1.457260049097834909e-01 1.098205263227555228e+01
-8.045340273377672435e-01 -2.330423762885018846e-01 1.163648568892818602e+01
-1.088977932822708938e+00 -2.222512060337908935e-01 1.259195094393540515e+01
-1.773795433154008450e+00 -2.189526009786701977e-01 1.228923082312134341e+01
-2.569597357132098914e+00 -5.616192519436280506e-01 1.125327003808253323e+01
7.409446263923125109e-01 -6.507988061982334926e-01 2.071957304189131932e+01
-3.901426173719098500e+00 -1.431487108068997927e+00 8.425341374840417785e+00
-1.836203051109922102e+00 -3.852261982179259192e-01 1.228743444783011718e+01
-9.164491291275658202e-01 -1.920265130874953208e+00 1.227026717855854798e+01
-9.615386901358844440e-01 -1.269228615785191749e+00 1.383979298972631966e+01
-1.048070646826063879e+00 -2.598757660763299171e+00 1.211271747801469800e+01
-1.401460546857424161e+00 -2.862370826581559946e+00 1.148859776839153390e+01
-1.771379179153594663e+00 -2.815225537822243052e+00 9.571211462977590401e+00
-1.920009713228358894e+00 -2.912836322406156420e+00 7.743620932312811789e+00
-2.346676598221033583e+00 -2.193337226881494129e+00 7.292182885277739501e+00
-2.096955938022482258e+00 -1.772885349812246769e+00 6.595670456176184970e+00
-2.049029231888075842e+00 -1.130752908599648610e+00 6.680806342860089231e+00
-1.464876704930551554e+00 -6.077928433477710612e-01 6.373509309246204957e+00
-1.424197501933505583e+00 -1.296373200346234711e-01 6.903667006897248548e+00
-1.080758907226745613e+00 -6.765387378771414717e-02 6.583070162603355868e+00
-8.824189649296877436e-01 1.127513823268553317e-01 6.691400194551272662e+00
-7.977755774880049833e-01 1.444387977016541313e-01 6.693820835429657556e+00
-7.520895312446282954e-01 1.130565924833986102e-01 6.808983544512447139e+00
-7.879220845516762273e-01 -1.085625689262803562e-02 7.046609590235580534e+00
-7.676880018347613799e-01 -2.618410982874022075e-01 7.326168291471374161e+00
-8.795511288076841572e-01 -3.560882500659148242e-01 8.178614954886441524e+00
-8.703407644803682341e-01 -6.890122454887617209e-01 9.006637138954989297e+00
-1.224436204150751717e+00 -3.446913253474956917e-01 1.002975471980711575e+01
-1.596064320326068930e+00 -4.727325295588080678e-01 1.093633376760388742e+01
-2.576112444410113334e+00 -1.782896390659978181e-01 1.125743132572538130e+01
-3.405079731564472745e+00 -8.484742287024449325e-02 1.115423487668585700e+01
-3.304169067691535844e+00 -5.366287805878826589e-01 1.375375741659900797e+01
-4.131598549397240916e+00 2.447013857317960728e+00 1.653096617252635525e+01
-4.381881395778070676e+00 -3.277969035966945555e-01 1.101720823784035908e+01
-5.607616281181403650e+00 4.295790903030622943e-01 9.848371848730817391e+00
-5.315770919975925324e+00 1.207997935324906180e+00 1.156082716032400270e+01
-5.257658585550289310e+00 1.164590784229798004e+00 1.103966054027393717e+01
-5.248784258311101958e+00 1.965761722207841622e+00 1.077231388199963646e+01
-4.835249318544162733e+00 1.728818388621688129e+00 1.043041911804582078e+01
-4.615581066622292283e+00 1.732790718745088832e+00 9.974652435537125328e+00
-4.392096520898074452e+00 1.570674331643406418e+00 9.601828277327738803e+00
-4.301809237024567523e+00 1.321526764703720325e+00 8.987977105932115407e+00
-4.084179643952261074e+00 9.467203741175795884e-01 8.061476057143732277e+00
-3.810407687918099029e+00 5.917411377595600541e-01 7.456725624961246801e+00
-3.592191601226458975e+00 3.443046231473601004e-01 6.897972024822910164e+00
-3.279248853525772223e+00 -3.883358547432624874e-02 6.625493042487187623e+00
-3.325968887822631892e+00 1.140059586715320705e-01 6.678104641080901516e+00
-3.432447529921730300e+00 -1.440077336768919025e-01 6.578153534796560287e+00
-3.191853726684084513e+00 -1.782311431003091862e-01 6.487198910119843731e+00
-3.424055342575525351e+00 6.947006238162911629e-02 6.833196576282779766e+00
-3.673947384736411248e+00 -1.184468272635941233e-02 6.417759610217308008e+00
-3.818891730492107062e+00 4.015634850416738288e-02 6.492484887054634335e+00
-3.898394870385979871e+00 4.303087777747807152e-01 7.690134011288963123e+00
-3.691410340999774498e+00 4.165549908870627149e-01 8.376985026102232723e+00
-3.817756101330592511e+00 4.940560748834883498e-01 8.205067408742038992e+00
-3.630400808915710265e+00 3.164365654554979201e-01 8.883872390291742249e+00
-3.979512554537918412e+00 3.833674943603089247e-01 8.626800706490209691e+00
-4.133615835778840619e+00 4.311712807577983142e-01 9.143759437221055109e+00
-4.702667895430115763e+00 2.347073642680523875e-01 9.918911126294975844e+00
-4.021490174012951613e+00 -7.701635908351036619e-01 1.482506295159013376e+01
-6.574706624216406503e+00 -5.114294625147071116e-01 9.799002704356544413e+00
-4.883755034440175002e+00 2.522526716256390245e-02 1.485947323788050412e+01
-5.917346323787520568e+00 -1.872868144146624836e+00 1.064988658787614106e+01
-6.079481749708489424e+00 -1.615404037403826543e+00 1.118585663298926214e+01
-6.028273366672933342e+00 -1.888074009972601885e+00 1.002195640529436638e+01
-5.205055278533660790e+00 -2.311572296935939796e+00 8.994202090283506479e+00
-4.410591966472981795e+00 -2.382791384968801829e+00 8.929671369829264904e+00
-4.309599390064138724e+00 -2.464616417212547983e+00 8.901443638258806246e+00
-4.203966707537629688e+00 -3.235869108953106199e+00 7.291435853839986159e+00
-4.702699254997879663e+00 -3.211638745139908657e+00 7.197677203640181709e+00
-4.850336039797188192e+00 -3.086041530841742375e+00 7.091002344813635894e+00
-4.992250982666591064e+00 -2.698629958353536917e+00 7.428576005540581839e+00
-4.964575691277666181e+00 -2.311967120828548605e+00 7.642224533238908712e+00
-4.838190439464547410e+00 -2.099377766609691331e+00 7.933853141917726504e+00
-4.667062212336727356e+00 -1.872002268988763429e+00 8.131231349115799034e+00
-4.531839326770947807e+00 -1.770618714120151260e+00 8.131967059973915113e+00
-4.240335194453591861e+00 -1.719100684164497572e+00 8.304720387676722382e+00
-4.019782153488986154e+00 -1.477735991019237805e+00 8.691127170293380999e+00
-3.724860123927471456e+00 -1.613359999418558122e+00 8.613577751875071797e+00
-3.939584627582177312e+00 -1.436666998010528218e+00 8.867160022220735627e+00
-3.881743875859845261e+00 -1.468676485172987878e+00 8.730819868979690312e+00
-4.030042818856026443e+00 -9.085940398687011310e-01 9.352298887268469585e+00
-4.036698632859666347e+00 -1.044420006660096156e+00 9.250740174308273112e+00
-3.881945565859454383e+00 -8.398084473773739234e-01 9.278473532542017566e+00
-3.396388021133436297e+00 -6.520682981759193808e-01 9.407970047720830564e+00
-2.929833625502157979e+00 -4.834143688591376886e-01 9.565411526757143790e+00
-2.500399180870094717e+00 -6.558652006206049379e-01 9.250156694098974342e+00
-2.347881573451104487e+00 -4.531635865909064975e-01 9.429168770414911194e+00
-1.937484275533962297e+00 -5.970079382220907505e-01 9.353618335074585843e+00
-1.464424661542875761e+00 -5.716088311933953392e-01 9.725083522001638059e+00
-1.259759898136250778e+00 -4.742071817124031696e-01 9.374799328028952772e+00
-1.016304802950569020e+00 -4.247385363714730744e-01 9.187145419736950203e+00
-6.533481286740226990e-01 -2.962344624066197696e-01 9.449635686368964116e+00
-1.498884042898080970e-01 -2.604955685191043813e-01 9.858606441533277476e+00
2.616876650467792054e-01 -8.542602674715471522e-02 1.007700421649264833e+01
2.606747242362545958e-01 -1.446590327758023875e-01 9.308366230905331662e+00
4.424911057786440338e-01 -5.827805779191752578e-02 9.186477386687881719e+00
6.229839409827154784e-01 -5.982123680133444310e-02 9.174671939786522401e+00
7.046161343996750759e-01 1.289851392692211718e-01 9.486681290566336244e+00
7.585756714218299113e-01 1.389482693982282413e-01 9.412002054259399841e+00
7.188240657760331942e-01 1.076304613203928895e-01 9.556634154965919947e+00
6.190923896306044227e-01 1.305855946930662981e-01 9.781519138064092900e+00
5.194768757356957867e-01 1.386718495417156305e-01 9.819095250409256792e+00
3.871815219211209858e-01 1.427025675436768282e-01 9.773648427665909466e+00
2.565638360698072606e-01 9.547959030478292419e-02 9.749606960686076462e+00
2.301413725897929474e-01 7.516491551441362162e-02 9.939899983043199327e+00
1.416667637096338250e-01 2.618000049905422344e-02 9.921980368860944921e+00
6.247715192091396474e-02 5.809413961266329807e-05 9.829347430691518284e+00
1.251242234660887576e-01 -3.862230675295030835e-02 9.862845950354396152e+00
2.087289013843292018e-01 -8.440543196032201934e-02 9.693392418427695389e+00
3.668061425795101638e-01 -1.944314069324608596e-01 9.553231374190893632e+00
3.601935113875176508e-01 -2.064905805250392135e-01 9.465015625126552479e+00
3.147511352144634067e-01 3.743661664460695704e-02 9.678571160099791015e+00
3.640201018705384595e-01 8.734580479613907045e-02 9.887116102478401558e+00
2.477648234461629073e-01 3.895468701254323207e-02 9.719644921542323956e+00
1.734347271230882725e-01 -4.025212729443250481e-02 9.748692488547890278e+00
7.558332889364693941e-02 8.543737715442922820e-03 9.858400708497359943e+00
-3.349343466611953701e-02 9.830315790477595073e-02 9.983289736536663739e+00
5.710591847755486228e-02 3.707910207029208038e-03 9.784599852332785730e+00
7.510825632848416866e-02 -1.052981447074952115e-01 9.739437927198082434e+00
1.564111043650753263e-01 -8.214480726994732862e-02 9.663824226378444848e+00
1.749737047831410042e-01 -8.480774520662581750e-02 9.618528932238048057e+00
2.255599766091080927e-01 -8.197056801783642044e-02 9.680302319140087874e+00
1.749360194737867857e-01 -1.057798003297349965e-02 9.623285685340952966e+00
1.809357017138462087e-01 1.051461721138036154e-02 9.594928973198928901e+00
1.880558380054544454e-01 7.399915821601510402e-02 9.764648977189677836e+00
8.643576203526559532e-02 2.000434688566246066e-01 9.701115964063061980e+00
-1.464891405465493790e-01 2.876794936160544935e-01 9.705799950358587225e+00
-2.048886527574605987e-01 3.285947423914921117e-01 9.674684348160145220e+00
-1.235415054854821504e-01 3.435528942365220217e-01 9.795866596650146363e+00
1.971351730223136478e-02 3.514530862582860848e-01 9.931552028558330747e+00
1.960672757551418233e-01 2.913084478242211617e-01 1.000946088599552120e+01
3.116960102849324343e-01 2.343122604981546786e-01 9.962939976338347492e+00
3.616651901821101855e-01 2.333277582415522744e-01 9.879138904461488124e+00
4.691818930612423610e-01 2.035615925970635232e-01 9.704946909637314434e+00
5.136515928167137979e-01 1.756372727549191382e-01 9.501426127467501814e+00
6.716439848524951017e-01 2.060034402001633680e-01 9.618456931346219818e+00
8.255135204646415481e-01 3.208315361928493203e-01 9.614213168134572385e+00
9.846651733750966251e-01 4.257243028973283216e-01 9.423261331458542500e+00
1.170668585485197477e+00 5.123658545226943417e-01 9.456047275845564926e+00
1.293695384709776297e+00 5.192496156553421116e-01 9.386533566757186975e+00
1.404317350042156409e+00 4.972546931901637990e-01 9.330306699685007032e+00
1.644937675786577458e+00 4.437355436970316092e-01 9.463684947589907637e+00
2.012684974126783821e+00 5.308608853313065978e-01 9.764139115085701093e+00
2.384684692230303327e+00 6.321468374630354603e-01 9.774429705383223421e+00
2.778933109534846846e+00 7.604840287703966695e-01 1.020158728132236092e+01
3.037096294564480381e+00 8.535729642359699554e-01 1.041404334783551455e+01
3.187562227699566986e+00 8.112152973693604885e-01 9.995408221548428784e+00
3.185187817757114459e+00 8.081807797432065676e-01 9.498295016298152760e+00
3.073298834077603736e+00 7.295109387330516171e-01 8.840214782825363216e+00
3.002896229918648352e+00 7.607391145131607857e-01 8.512534723096237599e+00
3.033876111306622381e+00 7.379846681831989663e-01 8.078589889676822011e+00
3.187638823677971356e+00 6.276080073515974966e-01 8.043468824988076804e+00
3.326167495692366138e+00 6.690391307716461178e-01 8.180038807590699790e+00
3.436836666399069706e+00 5.582038010883203505e-01 8.033514133374788813e+00
3.518838397055699563e+00 5.018245560125738081e-01 7.973965184618269753e+00
3.671087302824466381e+00 2.936363803546262474e-01 7.964105760373993981e+00
3.719434774338628458e+00 2.187061351220789263e-01 8.166744037699819714e+00
3.559970497735549522e+00 5.276311259565380496e-02 8.258632005036410817e+00
3.308458386077250513e+00 -7.795962646775089766e-02 8.610594550827784133e+00
2.987228481302063976e+00 4.012252093043322532e-02 8.996811223914223277e+00
2.344022652375897131e+00 -2.168711530262643628e-01 8.786585002983908765e+00
1.623439558109972758e+00 6.713212458700201779e-02 9.525178490893237537e+00
1.387918498632271236e+00 6.632793338773002034e-02 1.016151212318609254e+01
1.072058156400849116e+00 -1.826286468232050098e-01 1.078955780437984124e+01
7.109680644204268152e-01 -4.205309702604527189e-01 1.111970506222962385e+01
5.172124062087277707e-01 -9.026911402763557746e-01 1.183992004003846077e+01
1.146780150705691170e+00 -1.654489076110640333e+00 1.449164602210114516e+01
9.221048839786136764e-01 -7.294290615430965019e-01 1.497145860408959095e+01
1.993357447960474094e+00 -1.965807681936937890e+00 1.641618763314809115e+01
8.967031935121816399e-01 -2.234290718493596728e+00 1.587825854984920859e+01
-1.330608989402481068e+00 -2.765492486681980111e+00 1.302512734635953073e+01
-2.251140089509017450e+00 -3.425527096886194833e+00 1.170434078325169125e+01
-1.617627885318230874e+00 -3.415478045403386176e+00 1.210575829332645803e+01
-1.776991744005844920e+00 -3.571716791266605462e+00 1.057368001677813396e+01
-1.028144374981093456e+00 -3.282548803217007816e+00 1.044275773735230040e+01
-3.708974020814252981e-01 -3.144915703344734137e+00 9.696251482281537548e+00
-1.142215956182425218e-01 -2.868404073353535200e+00 8.648751104383237021e+00
2.102765493086891091e-01 -2.570358050168795483e+00 7.706493483689862423e+00
3.547670998332130843e-01 -2.241430349194538874e+00 6.652777505605203423e+00
4.547580750851383802e-01 -1.870316196945022602e+00 6.046071627491851785e+00
5.691617925985927862e-01 -1.505531291001743543e+00 5.712873619251925383e+00
7.404327049348746748e-01 -1.048396377348236541e+00 5.580369777192541569e+00
1.032944253828040448e+00 -9.198610332229661957e-01 5.496384637312203836e+00
1.370450302093258133e+00 -8.966410183636788211e-01 5.434132733105738744e+00
1.425411781168301140e+00 -6.178707420026152697e-01 6.011590343842197370e+00
1.571830926788306826e+00 -6.996872420311226470e-01 5.943127031849622099e+00
1.729802948061591739e+00 -7.090626081566835381e-01 6.396105745017077737e+00
1.825936778839299501e+00 -8.147273499185092582e-01 7.245296324364500329e+00
2.109595653026650197e+00 -1.068584499520708775e+00 7.889276736376862331e+00
2.104081674139368197e+00 -9.826239257645901226e-01 8.447876248146565459e+00
2.508076859710175466e+00 -1.165824135087401459e+00 9.032082181106583008e+00
2.784073572358006565e+00 -1.088097099078946250e+00 1.041262716144983003e+01
2.808222339186764227e+00 -1.397316247293991509e+00 1.107499986354043742e+01
2.967980557318280255e+00 -1.403166106770563637e+00 1.226326186617981406e+01
2.014343072722217354e+00 -1.450973323089277400e+00 1.232613935674006278e+01
3.867906469619151633e+00 -2.722935770370747299e+00 1.723132728276161529e+01
1.538663824196830010e+00 -1.178549151429384878e+00 1.478216267951770746e+01
1.611823106225993563e-01 -1.392436500338605221e+00 1.281461684113684996e+01
-1.490897313982969763e+00 -7.917977403261700076e-01 1.148252372665916887e+01
-2.495841885111657721e+00 -2.099367377178333882e-01 1.169420657478012515e+01
-2.672187444976502846e+00 7.286980662719901858e-01 1.124295907096327696e+01
-2.485554333568009699e+00 1.530398477399452339e+00 1.062006430809153734e+01
-2.496667004734633100e+00 2.264451244804883689e+00 1.017104260130558124e+01
-2.261500769023728097e+00 2.444755648680320803e+00 9.546769062640290571e+00
-1.765100692978825325e+00 2.604258118770080177e+00 9.138167718003638029e+00
-1.412570648981029908e+00 2.759861308514333533e+00 8.945130315313569724e+00
-8.742892704472760013e-01 2.305102050514921341e+00 7.636044682492087787e+00
-7.350721532654448387e-01 2.428428427616255991e+00 7.031808498977197175e+00
-7.730401583614816552e-01 2.110453131562362472e+00 5.823514281771195122e+00
-9.651722753967588719e-01 1.924913841292335670e+00 5.425288239540607904e+00
-7.197516126398613157e-01 1.706120407569922559e+00 5.532404485502281588e+00
-4.970578312061781912e-01 1.590470878620754203e+00 5.863567674195715007e+00
-2.940338052712750949e-01 1.395007435188579503e+00 6.000301670717504976e+00
-3.987864543105024140e-01 1.433901974724872019e+00 7.077254707143200818e+00
-6.712506185899724809e-02 1.582074459866876115e+00 8.123856575306051653e+00
-2.057507130060252099e-01 1.829468761319928749e+00 8.789663765164059228e+00
-2.888865222152997569e-01 1.536063013704124458e+00 8.914197110413956793e+00
-3.441023434395642511e-01 2.013077540067891746e+00 1.055070333133628502e+01
-8.047297364328815927e-01 2.006013473085412890e+00 1.120865518752323631e+01
-1.069484887767821135e+00 2.041928474823903272e+00 1.138495679721735421e+01
-1.083309059892882065e+00 2.059310063012768310e+00 1.265629434666914577e+01
-1.596740463652157604e+00 1.645204405598816422e+00 1.228983004241491273e+01
-8.036821210717146613e-01 1.559068694228708196e+00 1.606265085711965312e+01
-2.512193623228322181e+00 2.488853497985123120e+00 1.395199065063656896e+01
-9.371240720718900796e-01 9.317791948830311810e-01 1.422579349541545035e+01
-2.899473390539826223e-01 3.044108805116279015e-01 1.424778711696920652e+01
-3.447619339658605231e-01 -2.910247818719744473e-01 1.344702575752654994e+01
-6.046933416439204123e-02 -6.479975293373865242e-01 1.341198639578695584e+01
6.322568581678620347e-01 -1.163983005573271612e+00 1.242475208520791341e+01
9.596992962931696347e-01 -1.339204691233892852e+00 1.115313632701096047e+01
8.683301103518690223e-01 -1.436659516108178103e+00 9.339110803736783595e+00
5.805211487824704086e-01 -1.040579830880679069e+00 7.849973226905339274e+00
4.084799215261606387e-01 -6.156266390072984152e-01 6.460431899988154925e+00
3.033047386948792834e-01 -7.306919219163754420e-02 5.663631680458016682e+00
9.678689035394005824e-02 3.802787778156986320e-01 5.133202497564712807e+00
-7.655759536922418507e-02 6.801227804363261242e-01 4.516894792832887084e+00
-1.118178986896016247e-01 7.927616334507412432e-01 4.514394386595522057e+00
-2.173485870156445232e-01 1.092148387995729886e+00 5.231518566596762732e+00
-1.156024813542775309e-01 1.186624803525201166e+00 5.635802863188217771e+00
1.757550432963616016e-01 1.198310607236104275e+00 6.404216027809361833e+00
4.517283250135800676e-01 1.261904134887533502e+00 7.592155530895303706e+00
4.596326780882800112e-01 1.215545810608098964e+00 8.305639723931475871e+00
3.242000653548042788e-01 1.221034215098657505e+00 8.853536576721605655e+00
5.115567368090991884e-01 1.135055252767204426e+00 9.205340683148712344e+00
4.840965434214254959e-01 1.387664065369770050e+00 1.032873697011855896e+01
1.699228438865381108e-01 1.499231957245862112e+00 1.067697300953993711e+01
-4.208725571667553123e-01 1.656727344343524422e+00 1.218057026225165806e+01
-1.149498969660470715e+00 1.792861537324070831e+00 1.240242708209516032e+01
-3.953088595265059624e-01 2.395295555387813913e+00 1.675251462006123049e+01
-1.551738122858330238e+00 2.370639347104040340e+00 1.502602426836624083e+01
-3.671649218224686262e+00 1.503717137562174067e+00 1.109417326081627664e+01
-4.931423379618799174e+00 1.827562444881946746e+00 1.163429422810112968e+01
-4.603524610082513568e+00 3.051371102868921881e+00 1.357446982478682784e+01
-4.057100371393482341e+00 2.410159003711248360e+00 1.363507636778278354e+01
-3.735435176372571497e+00 2.543147110875302097e+00 1.335398879368161040e+01
-3.193994030548055640e+00 2.274278890282801058e+00 1.192580584520418974e+01
-2.961337179285052912e+00 2.246569129550168853e+00 1.087075700877787376e+01
-2.837741959975046413e+00 2.086432633107443646e+00 9.283592092305186227e+00
-2.568874116981816780e+00 1.992731209831026806e+00 7.690503252505863863e+00
-2.102314766618953445e+00 1.563094778369013227e+00 6.027957780206364191e+00
-1.613329421091613813e+00 1.460615289127284333e+00 5.037693943393029450e+00
-1.084895013053221557e+00 1.033149556262313196e+00 4.100962261063278547e+00
-7.832523433545202085e-01 1.071790900604285612e+00 4.161095917916037834e+00
-5.530947878954047825e-01 1.243601335925542006e+00 4.494486940971255784e+00
-3.653473204657517459e-01 1.230818833731807782e+00 4.443979568980439332e+00
-2.902194291683808380e-01 1.142452414676556671e+00 4.611363052274228380e+00
-1.879447942713763364e-01 1.422393589160051430e+00 5.883508725383831184e+00
-3.807728870468605198e-01 1.588926096726662518e+00 7.251744655108727677e+00
-8.241312246889820337e-01 1.594118385282373929e+00 8.206502885447575224e+00
-1.100015735138922812e+00 1.663601512977018082e+00 8.865445357921133862e+00
-1.410196708201867821e+00 2.051762088639297765e+00 1.083005440065031166e+01
-1.481701964753401768e+00 1.734587119543228972e+00 1.131751793114813864e+01
-1.787462117425054453e+00 1.687697558577904822e+00 1.247261962336258811e+01
-1.435055089240115711e+00 1.958318911812082952e+00 1.370276728117467613e+01
-1.675720187590768351e+00 3.088998336428284475e+00 1.566214416363028050e+01
-8.815234475888555910e-01 1.242429767089333836e+00 1.416092129382652232e+01
-2.715782837018188012e-01 1.143325633015678022e+00 1.544034183585573672e+01
-1.115111816487566854e+00 5.474509957283189010e-01 1.520063315270751758e+01
-1.442909627736888245e+00 -6.000738486054872922e-01 1.423515382305937749e+01
-1.375410451205117957e+00 -1.471655055006621637e+00 1.328088744439098789e+01
-1.338837806095695804e+00 -1.925651949477962255e+00 1.183777611343066383e+01
-1.644684548785754652e+00 -1.783478258437770414e+00 1.048381927153211635e+01
-1.857363795264928008e+00 -1.290625382021140855e+00 9.151161724540051168e+00
-2.332900247132895011e+00 -8.193457473332048657e-01 7.214446952927247914e+00
-2.679424835560060281e+00 -1.993651687315574073e-01 6.355007380239820591e+00
-2.334849846305658172e+00 4.438293775437833766e-01 5.955796247173635649e+00
-2.200192069508247528e+00 8.219035318232417175e-01 5.377306012156785719e+00
-2.147669834011967538e+00 8.318788137952246586e-01 4.645786793195278541e+00
-2.048602547365707238e+00 1.456014373148439844e+00 5.252694794425610603e+00
-1.667776268380971594e+00 1.501028250496191152e+00 5.201184326540309932e+00
-1.440308055049168257e+00 1.604648895845494083e+00 5.727767429421548151e+00
-1.264925083633897218e+00 1.565543772203815909e+00 6.017752330613866718e+00
-1.125356227209838522e+00 1.506196241242436340e+00 6.512373971369978420e+00
-9.684419120047372820e-01 1.425896259093690333e+00 7.126700528507652344e+00
-8.265177544769448659e-01 1.764984268905123610e+00 9.057083248744534743e+00
-6.156902164296629287e-02 1.704104879594869004e+00 1.048294604829009380e+01
-4.202931252792785344e-02 1.554262655686939887e+00 1.159381431608831647e+01
-6.329759457798196376e-01 1.092896644367632675e+00 1.356637015484385600e+01
-1.302869563338598269e+00 2.138398886740588978e-01 1.277023939551251175e+01
-2.196041075283640787e+00 2.312834277247741710e-01 1.538767184016360723e+01
-3.139521014467554050e+00 9.297014682643336414e-01 1.783916573170309050e+01
-4.532988370709843728e+00 -1.495682532360694594e+00 1.006977978974388677e+01
-6.770391952853690221e+00 -1.124998025311309213e+00 6.448898145410085547e+00
-5.523837707651945372e+00 3.369730759291060807e-01 1.170645394189493338e+01
-4.866385140561674483e+00 1.350636470218088192e+00 1.495715365883864933e+01
-4.823217312944549917e+00 1.255025253945722952e+00 1.357898691329196694e+01
-4.393650054342379541e+00 1.339013442159588507e+00 1.139578787504292023e+01
-3.891525820030945049e+00 1.283005484783440231e+00 1.004209084122415874e+01
-3.249884285840819675e+00 1.313527187461673407e+00 9.400995752026959806e+00
-2.624415128890530191e+00 1.009524969881778755e+00 7.848250187075185735e+00
-2.205726789798570842e+00 1.320908801693994938e+00 7.180236772468595596e+00
-1.784884671462866113e+00 1.499918177232940852e+00 6.854634724766383691e+00
-1.356989524618064324e+00 1.799342764065609668e+00 6.775420893046467441e+00
-9.157596485796564156e-01 1.995695878509571752e+00 6.486502523481138205e+00
-7.041843485488761267e-01 2.098068522469191510e+00 6.223352729784464188e+00
-7.398352120603188808e-01 2.036188182878825081e+00 5.810243644101192650e+00
-6.089652100786642208e-01 1.922987023469988843e+00 5.806722115481838919e+00
-5.692331347040282541e-01 1.937242288988722638e+00 5.835901182506243678e+00
-8.855228962582704089e-01 1.905099909617231191e+00 5.863737948361845476e+00
-1.541165412935193046e+00 1.938667567615323550e+00 6.008478134032842810e+00
-2.073043659005596062e+00 2.061431506507304334e+00 7.689125369462039394e+00
-2.159422130163997533e+00 2.281668173116122134e+00 9.443430852859778568e+00
-2.644598140103086248e+00 2.004418106974145797e+00 9.504891199391948930e+00
-3.180607017239748480e+00 1.617899202438164430e+00 1.026546205124534339e+01
-3.577775762631131506e+00 8.260401253678812949e-01 9.537637034981383266e+00
-4.428924270070838887e+00 1.269195660748470011e+00 1.178227811945740733e+01
-3.496490895580191882e+00 2.727883025148382323e+00 1.409815513276468479e+01
-4.730245113863654538e+00 1.574210869201199792e+00 1.266809157682951259e+01
-4.271536307531732746e+00 2.504594930864423752e+00 1.494321459069702662e+01
-4.286407094884161495e+00 2.145186474964133616e+00 1.521165907437267784e+01
-4.300574460913295205e+00 1.607956541956944818e+00 1.490339117934647106e+01
-3.697608480132103637e+00 8.572250259956177842e-01 1.384415138211168994e+01
-2.986571705792409048e+00 1.170376975273628162e-01 1.240903510220241834e+01
-2.687410441926514792e+00 -7.762786906420711119e-01 1.009764218106847800e+01
-2.739177997848469381e+00 -9.581017500798099107e-01 8.724233322796271395e+00
-2.771200367113253904e+00 -7.024651329469500105e-01 7.285615052851968976e+00
-2.797216122137823113e+00 -1.500240274772726146e-01 6.490249151949157635e+00
-2.709033258013222145e+00 6.938260449391284723e-01 6.784460564650324876e+00
-2.394588052448912041e+00 1.247250924820748619e+00 6.449330022337880663e+00
-2.165003497065260074e+00 1.709433231824687205e+00 5.967488072011003730e+00
-2.180139045465858683e+00 2.100127899876027548e+00 5.934050430529178577e+00
-2.089188746799511165e+00 2.420604506603346362e+00 6.257092478094268273e+00
-1.983127887064264794e+00 2.468215770417192534e+00 6.237514741726940315e+00
-1.830878690404964093e+00 2.421561738157687493e+00 6.057341011167997280e+00
-1.581562529843117737e+00 2.274288065750021737e+00 5.878667612971009149e+00
-1.369543892729805590e+00 2.274270344237510066e+00 6.313145869237721364e+00
-1.108767035340846308e+00 2.346478489851181237e+00 7.832882627196272374e+00
-1.152927986301285568e+00 2.504031889353328655e+00 1.004616735730367516e+01
-1.855037464274739145e+00 2.554551742832789962e+00 1.069691576231228858e+01
-2.238265318935122927e+00 2.607233044153893786e+00 1.196668181784910345e+01
-2.727969528020030232e+00 2.743541971837531790e+00 1.342310076213514058e+01
-3.558697480282732251e+00 2.562848299693448517e+00 1.394936390352498456e+01
-4.767372679388037326e+00 2.809650652356010525e+00 1.695348044954545585e+01
-4.919665824774173579e+00 2.326967528596422419e+00 1.653074951967861850e+01
-7.347376749995488510e+00 1.233697830323263744e-01 8.206150808498849258e+00
-8.858389206706151597e+00 -5.902700259023556661e-01 4.629937458956782770e+00
-8.403245066603382440e+00 4.666049057332442018e-01 8.556254623303974682e+00
-7.614275529690512911e+00 1.236728749385864745e+00 1.026536663883900324e+01
-6.011405340270547626e+00 1.863220145672482175e+00 1.137898102972287084e+01
-3.851160767781397709e+00 2.215894569308296980e+00 1.136297784843570291e+01
-2.654305221792590430e+00 1.737481294993042269e+00 1.023630787141989451e+01
-2.531227941891754263e+00 1.597557592880129995e+00 9.627264409232484610e+00
-2.310622416425838210e+00 1.403650251528281601e+00 9.360086349106351733e+00
-1.400597735107477204e+00 1.004641162017418488e+00 8.904991481664264796e+00
-4.943364374456602484e-01 1.044268881255944859e+00 8.767538051364136109e+00
-2.295990591991611263e-01 8.574667451824820041e-01 8.305402657161785385e+00
-1.203045370581046214e-01 7.337623997307596291e-01 8.008707249653816973e+00
1.016569152785993246e-01 7.601954849471068698e-01 7.876605502551343285e+00
6.632523789133570880e-02 7.003282631619662801e-01 8.122840166444815324e+00
3.710611847302326405e-01 5.683881068304117434e-01 7.900561213294936103e+00
5.575382477058837827e-01 4.666225260474172742e-01 7.587704359529710452e+00
4.283092011007625377e-01 4.758692212022195278e-01 7.333019092002817985e+00
3.248460366816247058e-01 5.953431177972485777e-01 7.696003235526717390e+00
4.040250651760779466e-01 9.245392178353006862e-01 7.988232592444211910e+00
-3.022117063220580713e-01 9.453443195392012832e-01 7.675783098229579160e+00
-6.224879260417903737e-01 8.678954183351037521e-01 7.404679145557702569e+00
-9.082330206409227058e-01 1.139643486149615192e+00 8.774158267875968420e+00
-1.056560397612609226e+00 1.118100669156040006e+00 1.085934483714973275e+01
-1.354272526119265185e+00 8.717207988452093659e-01 1.164635064574243550e+01
-2.723313436835899104e-01 -4.714332644981773512e-01 1.439269278176916167e+01
1.211060327201807230e-01 1.046120164237093420e+00 1.533772700458987082e+01
8.935789133008460450e-01 -1.462718452026585680e+00 1.063739635046386844e+01
1.519303433017432203e+00 -1.104601297010964878e+00 1.335028528193986652e+01
1.726848941842929586e+00 -2.926863977841200004e+00 1.235407081189198841e+01
1.345223059153300094e+00 -3.384404701401741988e+00 1.309195935685190193e+01
1.624998067956076264e+00 -4.228113470004827512e+00 1.142278700312186501e+01
1.530426890711402033e+00 -4.338940672518766917e+00 1.032539267937151628e+01
1.792036711213525813e+00 -4.116224694287419439e+00 8.869194288437673990e+00
1.546867377983569103e+00 -3.350824724870750781e+00 8.136074003140954858e+00
1.366432547040906664e+00 -2.872631360307731363e+00 7.089230284787261027e+00
1.360682048346804507e+00 -2.104939901864677498e+00 6.608361234852304200e+00
1.492802043936741985e+00 -1.486404399611430893e+00 6.123735180262132261e+00
1.626194512817288329e+00 -1.285920645890346714e+00 5.830036935856658609e+00
2.054252940589456511e+00 -1.150417610434788074e+00 6.456449853161649877e+00
2.605851435643725900e+00 -1.132739977449862323e+00 6.333224545753168400e+00
2.636545980726501703e+00 -1.569661157205588520e+00 6.234768692615704211e+00
3.037345262077034924e+00 -2.070096749489986010e+00 5.683401577579943798e+00
3.253777330592920958e+00 -2.460053645027207914e+00 5.728602296090901547e+00
3.602263819829330860e+00 -2.686620612101465078e+00 6.608644458595890114e+00
3.752848012382548504e+00 -2.929128393236831052e+00 7.344663606868470751e+00
4.059894851773893976e+00 -3.135863664073417656e+00 7.761375272065053288e+00
3.816573131008416553e+00 -3.366420594275909117e+00 8.241909854861473761e+00
3.980373278896489619e+00 -3.594738184109655066e+00 8.758942078400155040e+00
3.734461489510292331e+00 -3.600489864017479835e+00 9.721636489060212938e+00
3.680112743339859271e+00 -3.582326780397281141e+00 1.101154818302344829e+01
3.479460912604249501e+00 -3.364324514041157066e+00 1.232070843246888892e+01
3.490311854220932375e+00 -3.191915860979509745e+00 1.409641316018842083e+01
4.219566416831652234e+00 -2.207945130804673362e+00 1.721506041226272998e+01
1.891855571399878810e+00 -2.157427425055286285e+00 1.330363120757474249e+01
7.021624534514872007e-01 -1.091760736044061986e+00 1.242723579736763284e+01
-1.144307846283856289e-01 -4.972172313223328644e-01 1.166374314550159852e+01
6.001960042850380539e-01 -1.707227512600493213e-01 1.269087891424989145e+01
7.234881068187644093e-01 2.814095240933749409e-01 1.310005690099960596e+01
7.610618475855583931e-01 3.837541519194873629e-01 1.210158797723436308e+01
4.680853592035496558e-01 2.786171446936167584e-01 1.067083429779546755e+01
3.749923993371895303e-01 5.101164424787905105e-01 1.020099206800094294e+01
5.680348433076842785e-01 -3.703584065411824611e-02 8.842167873898429065e+00
5.469379977893368272e-01 -2.407359905511272657e-01 7.926671487760772017e+00
4.927728332959593338e-01 -5.235458573604274690e-01 6.687367206793134677e+00
5.274677397942294510e-01 -6.479567786044806432e-01 5.996586929017862388e+00
7.198803789535468400e-01 -9.698524605954446098e-01 5.324469490629808455e+00
9.920491096872110504e-01 -1.132642688578566981e+00 5.124404735355350127e+00
1.111004724220441275e+00 -1.319135838877827371e+00 4.899086516084295795e+00
1.270540171418920172e+00 -1.406147890558685276e+00 5.095683429146197874e+00
1.416575910457892107e+00 -1.294200949816826984e+00 5.282769173260708051e+00
1.493734606598468906e+00 -1.348465891735403988e+00 5.414140220399946024e+00
8.072878464490741424e-01 -9.911077242626813444e-01 6.569788106506668335e+00
1.308043651687938569e+00 -7.718022512052278294e-01 7.842094046746917790e+00
1.882428841654372409e+00 -5.928228957381245223e-01 1.006069901110307896e+01
2.359082377708733524e+00 -4.388130859189711686e-01 1.143092378809820531e+01
2.605826360417065501e+00 -3.641081485860331313e-01 1.268738326255263793e+01
2.498189282688267010e+00 3.074592843623813465e-01 1.456045940769812930e+01
1.578035369273749655e+00 -3.229783963782599798e-01 1.321817513400223554e+01
4.501756180631828030e+00 5.787977076165518042e-03 1.985627753592308409e+01
-1.180531358823233568e-01 -8.685983731177122635e-01 1.145065227046431744e+01
9.759228494220641981e-01 -7.973746509937065241e-01 1.391642774538130389e+01
1.444184773271378841e+00 -1.828587127708552806e+00 1.434434935243285203e+01
7.873378852384809168e-01 -2.227528913027725821e+00 1.383271253771380671e+01
7.896222583904832781e-02 -2.949316760442489915e+00 1.228232739252543304e+01
1.048553262709472911e-03 -3.390315593996392263e+00 1.126970358063289979e+01
5.867726017578356323e-02 -2.989456130628459274e+00 1.097495335806317662e+01
-1.409286928559970731e-01 -3.031136981500708316e+00 9.304451650763288839e+00
-2.008562144547945127e-01 -2.333892131554701876e+00 8.432422302700507188e+00
-3.443916988374472465e-01 -1.760220861631347500e+00 7.403336549558156676e+00
-4.815791405555873705e-01 -1.370667471914282398e+00 6.275830816875711093e+00
-4.247793078638489872e-01 -8.578643364418518935e-01 5.871452644506288898e+00
-3.197226096473498869e-01 -5.642028776606426987e-01 5.767983645577434260e+00
2.658376100026604849e-02 -4.617808135283327786e-01 5.573555866076270959e+00
2.609075260047445388e-01 -4.376659503338462542e-01 5.409371930174376786e+00
4.450577824588163312e-01 -5.290552670051216211e-01 5.643572087544641569e+00
6.517855267999809188e-01 -8.008112378661187414e-01 5.739421366597804663e+00
7.471667019130172616e-01 -1.076813729912137418e+00 6.009827747838047962e+00
7.519766939028602604e-01 -1.224340179538163653e+00 6.875806773145125561e+00
8.861539401634849211e-01 -1.598419014678857053e+00 7.356434560735166883e+00
1.510739623109281116e+00 -1.672836784038741254e+00 9.948620579279099374e+00
1.498628917547417894e+00 -1.835976094633759548e+00 1.042096098097090362e+01
1.744717280375139623e+00 -2.008895952455507228e+00 1.140941001444742930e+01
1.956196328853202715e+00 -1.593160105312186658e+00 1.242959714517827585e+01
1.254736479928752590e+00 -1.527230104410641331e+00 1.170937625140608773e+01
4.196272316080128739e+00 -3.368414943081408985e+00 1.883844599565737710e+01
6.158322997100804663e-01 -1.305724312535924803e+00 1.251844668634365654e+01
-1.165308713345785785e+00 -8.565856166981635766e-01 1.052637678014345290e+01
-1.074891852529477498e+00 1.423618667485166966e-01 1.340879343656921385e+01
-1.089778823002245822e+00 4.246358923143160879e-01 1.394329601375572558e+01
-1.158261250828683364e+00 1.377362630519053610e+00 1.353984757601707400e+01
-8.795705398281279397e-01 1.001914538599769422e+00 1.190811615704973292e+01
-1.065134401580682066e+00 1.513020043205196785e+00 1.179924187849180228e+01
-1.253503698035385749e+00 1.919870098238653178e+00 1.046585427606202146e+01
-1.135403733811318316e+00 1.590078606312005149e+00 8.812012470917991891e+00
-1.006929743614386696e+00 1.192994258240032579e+00 7.521033328933065754e+00
-8.920580256958251519e-01 7.204478953921449325e-01 6.558806861446500491e+00
-6.255902360548160068e-01 4.586559642110148438e-01 5.907782269042888501e+00
-3.956120200216708405e-01 -1.185660911421448915e-01 5.032507205612491319e+00
-5.075259424570082167e-01 -1.386875808021388323e-01 5.303152147817217887e+00
-2.252666446618624141e-01 -5.208702289543545305e-01 4.791437583995206140e+00
-4.115992176856662077e-01 -4.445181898644268159e-01 5.959689727201091358e+00
-2.373376674000161612e-01 -6.569164952123052181e-01 6.071941310189445495e+00
3.641726246482102081e-02 -6.086721173020186448e-01 6.902662584871119833e+00
-3.837760289662650592e-03 -5.044238488664145592e-01 8.444383275777619602e+00
2.882371956952687331e-01 -3.427408007859691352e-01 1.048975256214250962e+01
3.683002222875555454e-01 -1.395429586748830886e-01 1.182123473942025527e+01
5.128476204249974302e-01 -7.118077790478114508e-01 1.183866760634559334e+01
6.611680188577411244e-01 -6.475385533668323035e-01 1.293723397186026602e+01
-1.298098347828344767e-01 -9.237045106508565695e-01 1.170343800305644955e+01
-1.019981364644738209e+00 -1.138953168136145777e+00 1.133874866205496090e+01
1.445343319185451891e+00 -2.668505432057970417e+00 1.853601791704696566e+01
-2.842940279460584918e+00 -8.287526725405012229e-01 1.005294456687768623e+01
-1.089850441161370975e+00 -1.614437839660738838e+00 1.266480656283789941e+01
-8.978026654570503418e-01 -1.839037021675713923e+00 1.421617004951960972e+01
-1.608894830249552266e+00 -2.607856306008181413e+00 1.327774204922857848e+01
-2.266396190501206220e+00 -2.920602508065750058e+00 1.228787785181976666e+01
-2.352514462093382885e+00 -3.446080037384383399e+00 1.089257968250713837e+01
-2.454602327837876352e+00 -3.349815321835091453e+00 9.141760532055286603e+00
-2.545534802564153321e+00 -2.815166511514037850e+00 7.541467910960808041e+00
-2.521767508970178984e+00 -2.261672078304690192e+00 6.284936703866260466e+00
-1.906123540644118819e+00 -1.292680676499366577e+00 6.406873714376183138e+00
-1.547450191328711089e+00 -1.020047666057233737e+00 5.395957022138326842e+00
-1.727436322351207032e+00 -3.055379945938709874e-01 5.699758555386385872e+00
-1.308843433803315248e+00 -3.127549763597392563e-01 5.271329247269722629e+00
-1.341092760846255505e+00 -8.269815565296401161e-02 6.053801446678472864e+00
-1.010487599015415405e+00 -1.805251440750850200e-01 6.337012745409760228e+00
-8.416918954148630005e-01 -2.814848414378348096e-01 6.428428771665642749e+00
-7.337834045519457948e-01 -4.242650645917844798e-01 6.872339130126444928e+00
-9.451082064424423113e-01 -6.763102198754089578e-01 7.238333115869374446e+00
-1.101766794772900848e+00 -8.954288417790308152e-01 7.935678466354602278e+00
-1.037713411931262097e+00 -7.161435034905663244e-01 9.485833794117061402e+00
-8.209213644664101750e-01 -7.450330350201292973e-01 1.014522358794010515e+01
-9.195175291484187774e-01 -7.917881085714091327e-01 1.069607042311047529e+01
-9.811587637357443992e-01 -9.362986399885269151e-01 1.205893047974472054e+01
-1.432821796706835737e+00 -8.812627923127669405e-01 1.244792011610919324e+01
-2.207860582147760375e+00 -1.524589334213930947e+00 1.128681808861085933e+01
-2.004772588213216800e+00 -7.639798930459456017e-01 1.165283883058563674e+01
-7.122132783021439817e-01 -1.356968946899163697e+00 1.910834778119266275e+01
-4.309461057680217699e+00 -1.257357317951977471e+00 9.632239696837196163e+00
-4.336227930017459542e+00 1.266970708574177706e-02 9.769173536223670240e+00
-5.351201669668416372e+00 5.932204963473655113e-01 1.097221473944975045e+01
-5.086138156794266507e+00 9.489999865101710341e-01 1.179567322076214175e+01
-5.553946598620226993e+00 1.778457556787143901e+00 1.248211125114696074e+01
-5.891219454509726283e+00 3.064348091050374201e+00 1.394611447878082089e+01
-6.257323138797324269e+00 2.730696189387073147e+00 1.210944126379795271e+01
-6.152531625277458005e+00 2.437466437235245920e+00 1.057081598855086035e+01
-5.342502393680438111e+00 1.487379131575812252e+00 8.934453214224168605e+00
-4.572013078768645045e+00 7.189941335326124339e-01 7.664376500883234300e+00
-3.916393993529646345e+00 2.354695868505096712e-02 6.620691626360316384e+00
-3.159786006155285598e+00 -5.647255540700957255e-01 5.493009488573221688e+00
-2.720069864249797575e+00 -8.009311678208135277e-01 5.118025142074067446e+00
-2.288586267416531594e+00 -9.380010975683150676e-01 4.930361077882644771e+00
-1.999427964333874375e+00 -8.556366548927751836e-01 5.002883058565092078e+00
-1.767008472117486573e+00 -6.618196812184780065e-01 5.231326241014500944e+00
-1.773226954730286353e+00 -5.160747723515703989e-01 5.569583171804353583e+00
-2.033579877390929269e+00 -2.549524316693139170e-01 5.829667662289043761e+00
-2.079933872284926544e+00 -1.486183676602585990e-01 6.594870798812728196e+00
-1.776846566236636615e+00 -3.017105445751555592e-02 7.863946262854739189e+00
-1.786474014480435635e+00 -5.393347710374030157e-03 8.720727833620978586e+00
-2.193015397594066940e+00 -1.856850275814183604e-01 9.698286043014839208e+00
-2.397079986090689729e+00 9.066730366305275624e-02 1.033028176033533541e+01
-2.069001811827738901e+00 1.556894725125763657e-01 1.064040580331071340e+01
-2.299054998029582464e+00 -1.167708525754980187e-01 9.713876961741124916e+00
-2.587915898044013119e+00 -1.895063358113935337e-01 9.624410233538435833e+00
-3.464526267034357510e+00 -3.123459199041613843e-01 9.552545414972399840e+00
-4.815199220306805472e+00 -5.807131053642846652e-01 8.257765704563908571e+00
-3.582749296542753648e+00 -3.264856939911092049e+00 1.470548826296950473e+01
-8.128317339558723376e+00 1.271854781501523313e+00 8.845994853086155629e+00
-3.357530161466097063e+00 1.318811111888659404e+00 1.467300731263535418e+01
-4.269099955938033375e+00 -1.004034015331007446e+00 1.166610976214111517e+01
-4.507746573548020663e+00 -7.874963465965310050e-01 1.247506694947759520e+01
-4.630130839250216290e+00 -1.363031780078634903e+00 1.151473284560483279e+01
-5.235709673232204153e+00 -1.515949972196714235e+00 1.089825270346694097e+01
-5.993094854780139258e+00 -1.867179311500403394e+00 9.881559139257008795e+00
-6.717337251214176241e+00 -1.392800024581180907e+00 9.534460041553641574e+00
-7.198006037006491553e+00 -1.306104598779709747e+00 8.238701641564258438e+00
-6.598659425575426951e+00 -8.361897736856089836e-01 8.245429057181027588e+00
-5.809510227743793109e+00 -1.456818354297304552e-01 8.347338413391847567e+00
-5.205500008430769654e+00 3.035835264151245383e-01 7.846509814998298360e+00
-3.685437019069802922e+00 2.768529213315069626e-01 7.442567456811064908e+00
-2.864924887922451369e+00 5.753849055770974275e-01 8.005805390787836373e+00
-2.309302448079983083e+00 4.775329695070817948e-01 8.035945163379075495e+00
-2.129145913983955474e+00 4.331633770152789609e-01 8.710253217181355367e+00
-1.511498914883019351e+00 3.596701093631127222e-01 8.564860727989463740e+00
-1.350932984959133165e+00 1.628836945057487995e-01 9.045638873815857295e+00
-9.791475214735019250e-01 2.961153143418480127e-01 9.915697865219096130e+00
-8.413343923840188587e-01 2.740164870066541525e-01 1.024719300444435532e+01
-9.096349592703295572e-01 3.118553498850022976e-01 1.030462842881888719e+01
-9.902487122679877185e-01 3.321343797753213423e-01 1.013898595991570950e+01
-7.474294387815088037e-01 3.144334026803434767e-01 9.982294844078273499e+00
-7.900172121822882643e-01 1.880911616868852221e-01 9.613722204500241730e+00
-3.131789906678581481e-01 1.141709561743109447e-02 9.772652917140817408e+00
-2.151022824676092071e-01 -4.511821711637296062e-01 8.959583101538775907e+00
-1.757980184188443484e-01 -7.331084233477938028e-01 8.463405470772300987e+00
4.676312126583205275e-01 -1.385270827946193162e+00 8.350802516957216426e+00
1.715203594584249647e+00 -1.913284066688671015e+00 9.837307420537875657e+00
1.628656495569299700e+00 -2.118766895019325691e+00 9.297817262339107103e+00
1.603216019813610282e+00 -2.097946559822658763e+00 9.522452610905673964e+00
1.197556900135719360e+00 -1.887927214508090312e+00 9.022439417958930008e+00
1.098499317389737051e+00 -1.578536295887325913e+00 8.857839286778780519e+00
1.215893257320964427e+00 -1.167505937018570972e+00 8.989327031537166945e+00
1.229755689486685233e+00 -7.128321624616780205e-01 8.937714802224354216e+00
1.631821679847871742e+00 -3.209665893914870338e-01 9.330996398960396121e+00
2.022015393297783348e+00 2.880376278417262625e-02 9.521277553461001020e+00
2.383011135734665054e+00 2.425309479831536663e-01 9.398494620716396852e+00
2.626832411960656977e+00 4.454909780252722662e-01 9.253569259965317428e+00
2.670347747499106195e+00 6.515615834661918626e-01 9.207819242782923297e+00
2.736043871986984399e+00 7.634963330611301835e-01 9.357123418174611018e+00
2.755775994904342774e+00 8.058931173630110578e-01 9.577263691309795490e+00
2.913859781926380954e+00 8.780779896807735518e-01 9.792614035340724499e+00
2.850543693669051137e+00 8.028519092807298030e-01 9.364193004385851893e+00
2.611472047268941665e+00 8.208111496567460641e-01 9.174521625560110749e+00
2.401102271236085883e+00 1.016193910422209523e+00 9.312855466118206138e+00
2.369245832390999507e+00 1.122624740895018736e+00 9.251963198489404405e+00
2.268298353093332942e+00 1.351823159134675656e+00 9.452943980806731261e+00
2.195257435595080686e+00 1.464339399039543466e+00 9.389803997201379815e+00
2.065241758518206794e+00 1.617655157697563073e+00 9.365833581636399785e+00
1.941821206496977759e+00 1.725645290280773292e+00 9.460340745213747127e+00
2.004813277491153123e+00 1.786931499933651857e+00 9.521964385630786509e+00
1.976430568227110163e+00 1.899055744662422551e+00 9.645806672709293039e+00
2.072455842001259985e+00 1.923752460162635014e+00 9.770215179143141526e+00
2.287433194948684800e+00 1.812100431689210644e+00 9.621714401002122941e+00
2.525139331450912294e+00 1.766660407549146328e+00 9.575674758504225892e+00
2.665486988862177942e+00 1.762065443970605827e+00 9.592672594539497055e+00
2.552005824997235273e+00 1.729009455678910179e+00 9.437186446889885616e+00
2.502866541432016145e+00 1.664335627682286045e+00 9.627890206438456389e+00
2.497078308505645605e+00 1.590478207928262666e+00 9.601711066806524641e+00
2.589387497174771013e+00 1.553437506607938001e+00 9.510172284075126825e+00
2.683213644663706710e+00 1.580779761476902134e+00 9.425101605800731974e+00
2.677001019670996129e+00 1.566165819477452370e+00 9.510717983900583761e+00
2.647404998448758651e+00 1.556678260392777347e+00 9.674604559227631739e+00
2.694749343353048499e+00 1.549549869867558716e+00 9.979530096597171607e+00
2.547086290135919029e+00 1.383301961706676853e+00 9.696606227240545550e+00
2.478538707063001389e+00 1.289241908962819760e+00 9.712418201269260365e+00
2.393572763994964880e+00 1.025975075362244748e+00 9.707379921554267099e+00
2.376377104110057203e+00 7.667264591121627504e-01 9.552785631286029755e+00
2.292598527839129208e+00 5.568295225435488938e-01 8.821002541833202315e+00
1.512488180580861208e+00 2.457443550962983281e-01 8.046947121781185430e+00
8.920977687011403257e-01 -8.264012616812665968e-02 8.646634327870664549e+00
3.194326494333363797e-01 -1.738454488839344947e-01 9.531985763082863272e+00
2.249612145659440898e-03 -1.237305908791581643e-01 1.023244226663331347e+01
-1.708620605232435974e-01 8.709382620215055937e-02 1.054629838423037569e+01
-1.555627934285408465e-01 2.917564930424951797e-01 1.053792285098388248e+01
2.660432691988701137e-02 3.876368140625796599e-01 1.034820528307819920e+01
3.642061906230626978e-01 4.646021511125271175e-01 1.009172746161807943e+01
7.234991823832581659e-01 3.747393314177376311e-01 9.789880187309512038e+00
1.148875831133357561e+00 1.932268743249911935e-01 9.572927588974559754e+00
1.450203952139394570e+00 7.824598827744821961e-02 9.539449979073417296e+00
1.673226185628623464e+00 -8.235825069371305318e-02 9.466631703682061527e+00
1.756240625358177709e+00 -1.975423508166826991e-01 9.378663841941257573e+00
1.774983292154109105e+00 -2.456001338078923624e-01 9.347046318108001017e+00
1.844326399999710375e+00 -2.856837947519217380e-01 9.495936195788241108e+00
1.811232459289349395e+00 -2.913909059925874345e-01 9.441893943517024823e+00
1.741076736562128691e+00 -2.829049200171072087e-01 9.501427962738352662e+00
1.719100155490792758e+00 -2.663155007623778658e-01 9.515380887277883559e+00
1.672894250032310737e+00 -2.530426460610097905e-01 9.546829310447227712e+00
1.628205632566047001e+00 -2.216730610152524150e-01 9.587470473631995560e+00
1.536717267023835820e+00 -1.903251431960599760e-01 9.547179599034691933e+00
1.476548351990480290e+00 -1.626540599778545371e-01 9.558477154798662667e+00
1.514229923880880513e+00 -1.837788124794546007e-01 9.460066079925889326e+00
1.559267465969571997e+00 -2.116117293606043503e-01 9.497868087934675074e+00
1.447160158597289303e+00 -1.914760379042235172e-01 9.636099306330917713e+00
1.314858433128523574e+00 -1.895489332995028420e-01 9.692058575293529543e+00
1.084301160254178997e+00 -1.491262983751999727e-01 9.654891939468891238e+00
9.267405274861475473e-01 -5.652482503751699028e-02 9.781575202860029350e+00
9.196506398183421638e-01 -9.210082058589641463e-03 9.856040395639581675e+00
9.017969806333614446e-01 -3.172881259486270977e-02 9.666995254237475521e+00
5.828635477684946942e-01 6.756133706417344342e-02 9.911780209538486375e+00
7.171029020071153504e-01 3.523903332933731036e-02 9.883625430763451902e+00
6.610453013040933357e-01 -1.476307128736831231e-02 9.604917124602115663e+00
5.658861854185592843e-01 1.554002151475115667e-01 9.693982796684938563e+00
6.063281395459056977e-01 8.240272996938546868e-02 9.828958772251075615e+00
6.080629570514259896e-01 9.016075026715597573e-02 9.825757513860708059e+00
5.712492538864279989e-01 1.496458539356382289e-01 9.840135509751279486e+00
5.716109302449963181e-01 1.514270124429897280e-01 9.862039213789259406e+00
6.604150810295452700e-01 1.169934763793767374e-01 9.975526323024585196e+00
6.364738271893664034e-01 1.369883280687957949e-01 9.740068459243232724e+00
8.412526734107721449e-01 1.514859417315097545e-01 9.688887202758886374e+00
9.828962946132895340e-01 1.388638093660032879e-01 9.539059476909548252e+00
1.026228665645599891e+00 1.126169559697425271e-01 9.495985806570077514e+00
1.192469216997919634e+00 3.226889654354092585e-02 9.560296637372672990e+00
1.211425472823387972e+00 3.090932292712711416e-02 9.643966710222295902e+00
1.230172364111042693e+00 4.199300450178800048e-02 9.638625646770101696e+00
1.140892611822499791e+00 7.280003443041227484e-02 9.706408331227661890e+00
1.105497170402899521e+00 8.974315998976045705e-02 9.748930545621925958e+00
9.821828460735000377e-01 2.141892236649587389e-01 9.725806086883791224e+00
8.936321896770718087e-01 1.817009284583548379e-01 9.900852007322773929e+00
8.521890760167210033e-01 1.502136449180806466e-01 9.908069373212734732e+00
7.099764209852799102e-01 7.017564198469461445e-02 9.822025515074322755e+00
6.187373908136770684e-01 6.113796827887707508e-02 9.863263541849768501e+00
5.523314876775096138e-01 1.377595875166548467e-02 9.770299474537635476e+00
5.226773347929778435e-01 -3.204426627979195530e-02 9.796655101086201967e+00
4.850964148196510450e-01 -5.360416325843964103e-02 9.751158719831993338e+00
4.881763404705208309e-01 -8.953575768498911458e-02 9.663380999732009258e+00
4.613109388795244570e-01 -1.384927053119762164e-01 9.661047449774764928e+00
4.738124964392391725e-01 -1.179387914200384913e-01 9.793672170212939676e+00
5.058707531640644905e-01 -1.069525310351089331e-01 9.861528951683325772e+00
5.188014780641265755e-01 -4.021611389409152082e-02 9.905907904698679545e+00
5.538987243310200537e-01 -6.678946046803790892e-02 9.880332105466946402e+00
5.777912029800982285e-01 -2.844370062188694703e-02 9.871402679571367855e+00
5.528767033873109860e-01 -6.326585027110365189e-02 9.837607578197815172e+00
