8.482213572221595360e-03 -2.129558531237018271e-01 -6.466083371927375256e-02
6.710315245374114806e-03 -2.017455926393838528e-01 -2.606677129779427782e-02
1.003043824087068193e-02 -1.647323663641986902e-01 -3.695800420411256108e-03
3.480012096673042177e-02 -1.600642584438232430e-01 2.783665084973225776e-02
3.899471337203239130e-02 -1.498570029767057887e-01 4.864668281468567668e-02
5.017691002630354086e-02 -1.439377525090338450e-01 4.245699963328031928e-02
6.092177020881881649e-02 -1.444526656567297063e-01 6.161772470068127561e-02
5.014616317768683107e-02 -1.310824433877458561e-01 6.372270037478963700e-02
4.099335825187264831e-02 -1.030665803201587238e-01 6.777831618107592326e-02
6.746824439361014114e-02 -1.209604249082333327e-01 4.878618584664871222e-02
6.000545744431289019e-02 -1.322572858623664027e-01 2.833995781964133640e-02
6.187442249313378911e-02 -1.071351918536592729e-01 3.363847889070336987e-03
5.388169071865289705e-02 -1.020683038498038930e-01 5.509595949209321331e-03
5.134296437705353211e-02 -7.485956182172481821e-02 -2.806946710569006246e-03
5.320032064639750036e-02 -5.675596922165009051e-02 7.905915496108008311e-03
9.446099073991479078e-03 -3.208546782360180427e-02 -4.572991561871793224e-03
3.679643229057348412e-03 -3.016716842322041993e-03 1.242639023208683136e-02
6.341348074909964640e-03 1.917404804485534422e-02 -5.440386031010552813e-03
-1.418225623589329694e-02 4.409012296701420031e-02 -8.140564833783539914e-03
-2.359244772519366456e-02 5.179246825055752040e-02 -1.847406430239419486e-02
-2.077722785368962821e-02 6.968995441557535031e-02 -2.569928748566572413e-02
-3.584460859185558540e-02 6.498256690605194730e-02 -2.215617790136998472e-02
-4.828573136424903905e-02 6.671492595189476571e-02 -3.069453144865996741e-02
-3.102801136828558723e-02 4.315753070450892293e-02 -2.521604701413189542e-02
-2.431394487972666357e-02 3.518709540392877394e-02 -2.023907661975784394e-02
-1.448510160636121320e-02 2.899068031185764518e-02 -4.007064844133497589e-02
-2.670917614691677849e-04 1.370779469951275385e-02 -4.088535600269325304e-02
-1.607696809508426736e-02 -5.354137727004087272e-03 -4.799708149533588736e-02
1.038056553137207266e-02 -1.645695204130566414e-02 -6.193737961650505608e-02
1.722395371583792384e-02 -1.706554803183629732e-02 -3.643925431135716653e-02
3.116416917105419015e-02 -2.531349232944785782e-02 4.493641615093566834e-03
2.477980313522842176e-02 -4.242251472549151553e-02 -1.427493456884405820e-02
1.548471839164041255e-02 -3.469493996346591225e-02 -1.132620723203887382e-02
-8.917499387190467794e-03 -3.451188119397279042e-02 1.864465910807997862e-03
-3.141691455362065604e-03 -3.736265411726489433e-02 2.960570534733017456e-02
-3.755253457009702714e-03 -7.835352470155994287e-03 5.109407336611593298e-02
2.852034029718575510e-03 -2.147313535609775281e-02 6.946398681239102091e-02
1.871752847121405106e-02 7.489460064775826931e-03 6.586027447458307760e-02
7.665691840960536969e-03 1.342489544030176993e-02 5.449992954138929008e-02
-1.429861316271546431e-03 2.181831827045353778e-02 5.256335448261863219e-02
2.027473141553253616e-03 2.945770554513333500e-02 5.223724175027336103e-02
6.537777336790367121e-03 1.657772327168225562e-02 3.912380536990331392e-02
9.941507015029804259e-03 2.846327007680487034e-02 4.146936210993578537e-02
-1.057794004585935893e-02 3.687649151554839994e-02 2.403982926083069599e-02
-1.789530096543074170e-02 4.954149587102295305e-02 1.848161346360402760e-02
-3.110989466594061073e-02 4.366649270735682709e-02 4.355183866662059276e-03
-3.621998823970087877e-02 1.877691691573539837e-02 2.070299951831860996e-02
-3.072116032533619631e-02 1.056341162752809718e-02 -5.515702498539405002e-03
-1.701456955778725758e-02 -3.450603450437410985e-02 6.303554834072822369e-03
-3.115001009191129683e-02 -3.625791305910268381e-02 -1.684204981207381921e-02
-3.480238015078910424e-02 -5.063471462499257586e-02 -2.783745242807832837e-02
-2.001130528045383383e-02 -5.342490438261746077e-02 -2.448676543932788024e-02
-8.269599484370289411e-03 -6.575148847599690538e-02 -3.317057425729844772e-02
-1.665719059753021508e-03 -4.534508035900746553e-02 -3.727454515147208408e-02
-1.261586018333034874e-02 -6.213590546913894119e-02 -4.590368662062876276e-02
-2.936993808706254289e-02 -7.847003705040669908e-02 -3.268764878466961371e-02
-2.945862389129386832e-02 -7.946765538415406782e-02 -2.574660207049898203e-02
-1.566676149376050944e-02 -8.377115713244398520e-02 -3.837093402549648230e-02
-2.674391616127575963e-03 -6.369800513489337623e-02 -3.856591568106072787e-02
-3.134168626155626330e-02 -2.680219288256622395e-02 -1.572773648583585676e-02
-4.408269044709436923e-02 -4.942702521567685081e-03 1.832059280506347781e-02
-7.334326393927068088e-02 -2.552988925050909269e-02 5.875604773630727778e-02
-5.517171460325320798e-02 -2.787230116354402765e-02 8.615537326009262142e-02
-6.097150874246082264e-02 5.372394989454076786e-03 1.058494942772298386e-01
-1.765147288279150795e-02 3.131246185845369678e-02 1.113329644329610346e-01
1.137935064251249448e-02 3.642998432464759906e-02 1.152798557730737444e-01
1.819616214724334088e-02 2.662609063435827927e-02 9.967587626724014327e-02
2.294258846316321945e-02 8.800360055888682698e-03 8.799895687163938884e-02
9.711590339364972735e-03 -1.246695008442180383e-02 7.053935283707164772e-02
-8.668200299389632046e-03 -5.082441086248982304e-02 5.424499590792213749e-02
-7.028177026605961220e-02 -2.739141042659951064e-02 7.211053823201153679e-02
-1.215029767263602067e-01 2.400479952731161826e-03 2.225942785945108499e-02
-1.746101120604431622e-01 3.996839497849496298e-02 1.553460620944476824e-02
-2.687488583823852140e-01 1.157357869854489241e-01 -6.488459526224298751e-03
-3.192375991444525996e-01 1.823557895796693307e-01 5.637509491005790463e-03
-3.761232046774213855e-01 2.554967219139790968e-01 9.680680575117738690e-03
-3.792175440582837842e-01 3.328743337354254095e-01 2.191452652010224267e-02
-4.085150582830760491e-01 3.917851665607329226e-01 2.739191513848306461e-02
-4.309356519986393130e-01 4.410835586292886634e-01 6.217012429158077363e-02
-4.236148612406588354e-01 4.461364383412600443e-01 7.350605126268529299e-02
-4.087645704066608099e-01 4.476420059693853037e-01 7.247349847332403006e-02
-3.967041944210967785e-01 4.242423838151293536e-01 6.233910652684367115e-02
-3.610470318443659843e-01 3.644834458839463776e-01 3.826746087654381984e-02
-3.454389129481952869e-01 2.539248010964114122e-01 -1.290782349263850867e-02
-3.261694266692423683e-01 1.469908494459779003e-01 -6.284727067588230520e-02
-2.776064502793609834e-01 3.625374900232573860e-02 -1.323970614914434796e-01
-2.269447103363007034e-01 -5.527593354319090130e-02 -2.052365293784255140e-01
-9.009993900789570187e-02 -1.521381348797918032e-01 -3.105758510123924343e-01
-1.359725113529339224e-01 -2.416271639546840322e-01 -4.593416094875278910e-01
4.807889801432933818e-02 -2.640500936534935228e-01 -4.807322529478431639e-01
-6.166015590360007792e-03 -2.310987845732281887e-02 -4.819305994097358714e-01
-6.985119179602095052e-02 4.130516371614004756e-01 -4.282233956207462389e-01
-1.618018628082608934e-01 7.710841910550301215e-01 -4.685826483244836527e-01
-1.528099013846684617e-01 6.713159906998601434e-01 -4.476972759158507342e-01
-1.545658356175541037e-01 4.435476681774221941e-01 -4.142756356765608938e-01
-1.263220696410742860e-01 3.043260410081294332e-01 -4.455293820567998164e-01
-3.256250104382099608e-02 2.456572449321404172e-01 -5.028309899003059469e-01
-6.848589403057450675e-03 2.653376347435884575e-01 -5.492672809451391025e-01
4.934287763495702472e-02 2.942261419194271421e-01 -5.628358945908753519e-01
8.636159149106117927e-02 3.283490745196737115e-01 -5.518613673026995237e-01
1.759759889807609445e-01 3.102217156180278046e-01 -5.294697839105180215e-01
1.977258787912228311e-01 2.742478365014752728e-01 -5.798888666921436785e-01
2.379518772560809403e-01 2.168515192668168945e-01 -5.281105967190777850e-01
2.440682974045933484e-01 1.279163718598231025e-01 -4.846148378653324373e-01
2.637972931633514873e-01 6.380125586353110889e-02 -4.423006034620856064e-01
2.679752391598676509e-01 2.309803547950278757e-02 -4.363364210688805978e-01
2.448776167406519766e-01 -3.104629623297180951e-02 -4.072848677371073700e-01
1.989776811542478541e-01 -7.310434891398132073e-02 -3.767531477258569406e-01
2.293798939145769711e-01 -1.472452066975099283e-01 -3.269373856479937390e-01
2.174615232319592195e-01 -1.954139912942822466e-01 -2.724058402385570732e-01
2.135085169328964083e-01 -1.980645875735100314e-01 -1.960831421169358380e-01
2.142624329300742980e-01 -2.149505865105733604e-01 -1.289655039987281093e-01
2.099819206382608217e-01 -2.205974643862613216e-01 -6.349851895453423323e-02
2.180393895970917373e-01 -2.418271491912257765e-01 1.651945502043801819e-02
2.155850388980048438e-01 -2.953846257202681347e-01 8.578861214312119565e-02
2.304681152409887024e-01 -3.818730323436690943e-01 1.011012761933173520e-01
2.530632289688563574e-01 -4.952950885765489142e-01 1.515406383674189339e-01
2.146553799848732458e-01 -5.051813286597522934e-01 1.404780177718814860e-01
1.778691905824644204e-01 -3.663180492493586793e-01 2.158219127444740426e-01
4.987651071938914438e-01 -4.115129608653424476e-01 3.915345989203318777e-01
-2.220722158354030695e-01 -2.577699870947753324e-01 3.834220852443342986e-01
-8.604305259010536222e-02 -1.067319347613597258e-01 3.839985955326831735e-01
2.088617479359027307e-01 5.570899682521224250e-03 6.039468185957160840e-01
5.466493727098014066e-01 -1.805254279590925992e-02 4.985948439911734864e-01
5.977207151662703444e-01 6.802380747014964701e-02 3.188779969273303205e-01
5.729265924622716222e-01 3.968454291346765195e-02 1.276204665769530844e-01
4.182931451937477729e-01 2.525141561804512824e-02 2.009727263105716422e-02
3.306439594379257385e-01 -3.542507419703397331e-02 2.847586828080800325e-02
1.546358354942770769e-02 -3.179733964107953753e-02 4.625076830237202785e-02
-2.526205515101274113e-01 -9.633879516248583519e-04 1.430707274615382607e-01
-4.758723031692917438e-01 3.865435812013545691e-02 2.140346921147926185e-01
-6.241825902913735735e-01 7.023327548105570695e-02 2.073287543669561639e-01
-6.512510348030895457e-01 9.848729454677307427e-02 1.858091921885516307e-01
-6.809159538632643116e-01 1.386614321839075570e-01 2.046301132145234014e-01
-6.757987359502062308e-01 2.114411039493832578e-01 1.985558369168975434e-01
-6.235569493545263242e-01 2.604815714685942418e-01 1.862427250523583933e-01
-5.036932010427607187e-01 3.542482967837720653e-01 2.537829688357626789e-01
-4.041257379726890808e-01 3.768194627394814145e-01 3.337725808312572706e-01
-3.279378706500738483e-01 3.890213277788142632e-01 2.841994764258088391e-01
-3.325772833455036825e-01 4.101134808923933561e-01 3.902794950338143720e-01
-2.928010979178504725e-01 4.405701345216346265e-01 3.092611914380628546e-01
-3.859978061296933660e-01 4.309687083151336195e-01 3.645598700052558594e-01
-6.474820789304738811e-02 2.513524990806599857e-01 5.382113247847405413e-01
-4.621633424091864950e-01 1.820058264554794136e-01 2.194736745544373091e-01
-1.820523095605183772e-01 -6.624613778959759225e-03 2.727118079309379661e-01
-1.867447143565564016e-01 -1.005452040320487517e-01 3.217717022922337300e-01
-1.624541586059116971e-01 -9.062060614734614161e-02 2.305625716245655044e-01
5.840119031178279962e-03 -1.382664577230975356e-01 1.972523539844545093e-01
1.840699664444808981e-01 -2.954873083242871568e-01 4.778408296926868193e-01
1.795998969737760409e-01 -1.045159627144197217e-01 1.084360663058517305e-01
-1.259647533754638393e-01 1.406093748364777296e-01 3.258404979669485974e-02
-2.534353432766016656e-01 4.971808680123585011e-01 1.557694537152549963e-01
-6.155168218328037621e-01 5.397936433742944740e-01 2.097571050394945735e-01
-9.093657341418435180e-01 5.855799181278825705e-01 1.969256090634450840e-01
-8.479852459842750489e-01 5.183486608587489775e-01 2.021738938832865207e-01
-7.605295289708079443e-01 4.224399203101705802e-01 2.333677844557341396e-01
-6.877638470393971915e-01 4.145922015611119837e-01 2.577375681333224922e-01
-4.530544301201077095e-01 4.548793278429772990e-01 2.877043758437914933e-01
-2.880679034807775984e-01 4.721659995265121701e-01 2.932491495628234968e-01
-1.433636294014873913e-01 4.546281772339912930e-01 2.709048687191347726e-01
-8.224429651437215050e-03 3.213339203169248148e-01 2.481373762387780457e-01
7.847067747734289000e-02 1.262402153230411384e-01 2.691361941981030848e-01
-1.164072890062469445e-01 -4.987859243902936779e-03 1.408383776084456418e-01
-9.343696105169212174e-02 -2.087829225009967260e-01 1.371563485893649015e-01
-9.097008698485545275e-02 -3.863450424690750284e-01 1.870729582476752251e-01
-5.345224245732589641e-02 -5.076163948048896257e-01 1.637528502151023857e-01
-1.070232553509786466e-01 -5.880151613410896649e-01 1.023476924023771495e-01
-1.552113290821415525e-01 -6.437537260019943197e-01 1.572495127785920599e-01
-1.438680952579726724e-01 -6.570853377031219411e-01 2.216254119712292581e-01
-1.534015551662921972e-01 -6.250489227667569425e-01 3.035374825481687577e-01
-2.540672526584885627e-01 -6.083497175667125223e-01 3.685025910533995530e-01
-3.234113685986434450e-01 -6.939609521932491587e-01 4.387266512194029078e-01
-2.468417838741872872e-01 -7.660382191088447312e-01 4.591936933140074450e-01
-1.725240669324416831e-01 -7.993442350259590823e-01 5.864031528887400091e-01
-1.420243555171021299e-01 -6.374617006589996526e-01 7.565033598536676784e-01
5.273592091591508546e-02 -4.571780449112226585e-01 8.540578161022254200e-01
-3.301692744980909699e-01 -3.774415175557396807e-01 1.166941068123247049e+00
3.053553344978128248e-01 -2.482449313093394450e-01 1.151491325993361681e+00
1.067878691807951363e-01 -1.689887518616879358e-01 8.404056698101545209e-01
5.141625959630327092e-01 -1.650964708267916303e-01 8.448326400430407057e-01
5.262510598700287368e-01 -2.930691751430880010e-01 9.644793575046703982e-01
4.390551504205120192e-01 -2.955722349632424195e-01 9.776324635183998302e-01
3.139063962324755153e-01 -2.772667166591630816e-01 1.245763344982660836e+00
2.100542785753274078e-01 -2.179472448543345875e-01 1.609530390504821940e+00
-6.205821283941198585e-02 -1.279041763698124390e-01 1.511506970232138869e+00
-1.467845908273157085e-01 -4.669794485010125840e-02 1.437696956023916561e+00
-3.248209530360421371e-01 -4.308833238301479351e-02 1.613924171454225620e+00
-5.827760961171175591e-01 -3.942022955089008462e-02 1.785802950757067187e+00
-8.772303028142436343e-01 8.665228040229955297e-03 1.756715658830546589e+00
-4.978434093928582049e-01 -1.452006756741081039e-01 2.014368695025039013e+00
-6.300865801064985394e-01 -1.607461594748488265e-01 1.943744702883530184e+00
-4.389203775593419343e-01 -2.275907452079369842e-01 1.840593880924268788e+00
-4.746946160943794624e-01 -2.586990746818479403e-01 1.939732822413377189e+00
-4.683163482785046572e-01 -2.676090826914205856e-01 2.074050286746718097e+00
-4.793950053912304776e-01 -2.381524287273241169e-01 2.001067335841605122e+00
-4.454803219414389948e-01 -2.346753910370328322e-01 1.822425810933758772e+00
-5.068650487568069352e-01 -2.012068575837948625e-01 1.688734175147176497e+00
-6.383435514471658134e-01 -1.558002036199197526e-01 1.493882925764201675e+00
-9.196212978562745555e-01 -1.436191389300049970e-01 1.315537477927613663e+00
-1.169358734522649490e+00 -2.503600278720431449e-01 1.154345967589222033e+00
-9.156017005569809797e-01 -3.368686680616956308e-01 1.100000304841550536e+00
-5.740953160038509973e-01 -4.634477337669872243e-01 8.128859311285208111e-01
-2.048256531074659215e-01 -7.083877741463794342e-01 1.077535341185168916e+00
-7.434497661695879112e-01 -3.424012915018542214e-01 8.973105880364098397e-01
-6.151780462085451040e-01 -1.440999901270766936e-01 8.401442480249529110e-01
-7.154367516778700198e-01 -1.317649129886212522e-01 9.891715670694943841e-01
-7.589062975724008009e-01 -2.120981607608120045e-01 1.244451153210053507e+00
-9.972567546651985859e-01 -8.320914988058791817e-02 1.287204596533039647e+00
-8.857789768410799791e-01 -6.613779991090418253e-02 1.334319979494542174e+00
-8.318182578795061399e-01 -8.622327638570503883e-02 1.302310185588141156e+00
-4.141637387943638560e-01 -2.443438624006746274e-01 1.443268287104304992e+00
-2.958498810318526129e-01 -3.207893293891816988e-01 1.501823340825237940e+00
-7.536054269934908123e-02 -4.673039627055383116e-01 1.558322262397852542e+00
-2.972704663141665371e-01 -5.613307413129643431e-01 1.431254103723163418e+00
-6.477633100411530620e-01 -6.770556655553723324e-01 1.331076980235516682e+00
-6.308560398586051665e-01 -9.420633171454992905e-01 1.551101365740078508e+00
-6.440441548887098078e-01 -1.000900782729001959e+00 1.521969834100584062e+00
-5.692713706718343092e-01 -1.017420202879431912e+00 1.374449513885536378e+00
-6.470543985721155522e-01 -9.276408545117896809e-01 1.251910434048344678e+00
-4.880961559735149669e-01 -8.757549951510571473e-01 1.341392607951098936e+00
-4.142989630340296325e-01 -7.798065387248844793e-01 1.390949866790619938e+00
-2.702851120677760566e-01 -7.109097648577979989e-01 1.383324478828210413e+00
-1.346109527753946988e-01 -6.598764482940255860e-01 1.467050317753880950e+00
-6.077314388891123798e-02 -6.413273349261368050e-01 1.490748373077226407e+00
2.653317060030978281e-02 -5.949433650248561189e-01 1.427897263369391156e+00
2.779285463344012552e-02 -5.677357780379210794e-01 1.399992709879233965e+00
2.243411976732525570e-01 -6.030093102526724591e-01 1.411113612333580791e+00
2.298999256288923321e-01 -5.412883502714570527e-01 1.430121045498329302e+00
4.470222773993240972e-01 -4.126975874260524479e-01 1.470442720668315939e+00
5.107470173040553618e-01 -3.099646650531424630e-01 1.476601511036239156e+00
1.061673557626318321e+00 -5.422309017179932633e-01 1.757940679278219953e+00
-6.294977999614493891e-01 -1.770480795647189076e-01 1.433904112459107427e+00
8.590251812808830101e-02 -3.421358409657253574e-01 1.705670969215027144e+00
5.758942775582713558e-02 -4.160487241344223430e-01 1.401938565536620329e+00
3.222138493258818182e-01 -6.722327985630445202e-01 1.434358878703895224e+00
2.278377305528305197e-01 -5.927066274635526266e-01 1.365829414160610877e+00
8.968694951083285849e-01 -6.640632041240162042e-01 1.534187465922492111e+00
9.289865250464730551e-01 -5.935132572082038038e-01 1.616600491604894607e+00
8.397967053607802157e-01 -4.547393596114258640e-01 1.791076038949594551e+00
7.044094112637150351e-01 -2.685266295859624064e-01 1.838139574298510937e+00
4.785700043415063165e-01 -1.989221319188121395e-01 1.769670095700168977e+00
2.378386799493020509e-01 -2.677244963180327453e-01 1.735633488547691394e+00
7.811947753752834789e-02 -3.514206567621950272e-01 1.770571388110372846e+00
1.094047456840748223e-01 -4.707344168491222058e-01 1.770247172259716173e+00
1.469906054041477395e-01 -5.752250353104152447e-01 1.720932896966657966e+00
-2.206283056695704792e-01 -4.657211135247557587e-01 1.559115323617735971e+00
1.475787343719808520e-01 -5.497939350200232722e-01 1.934141142427140414e+00
-5.697852942249323482e-02 -4.530065816667571132e-01 1.610255057396017042e+00
3.454002461582460493e-01 -4.169477400659440391e-01 1.687606126752248414e+00
2.895069100783353444e-01 -3.522569730017920397e-01 1.765224095622283773e+00
3.009244720529787309e-01 -3.599794941396192716e-01 1.829477164123570310e+00
1.315515302658029351e-01 -4.018589267165845191e-01 1.662193854542520111e+00
-7.945501550201096441e-02 -4.755596517574921522e-01 1.408628086266161761e+00
-2.131627564191566626e-01 -5.971111115368109568e-01 1.056178339269018274e+00
-3.398008589671951407e-01 -6.706452041640789119e-01 7.161390826374982588e-01
-4.303304570217428293e-01 -6.429719039850841922e-01 4.641461046871486751e-01
-3.303456568510746982e-01 -5.480238476437238049e-01 3.227911492705471952e-01
1.421539865221806420e-01 -5.640509667622264356e-01 3.589621089745399507e-01
-9.583957966109579729e-01 -1.841463556541638180e-01 2.546728012798722962e-01
1.528557125921392867e-01 -1.541519145463401963e-01 4.102747013436816581e-01
-1.571048713632195448e-01 -3.953606346207491629e-02 4.595139894202014963e-01
-4.522235709888494659e-01 -6.389095614692907876e-02 8.636633319961688482e-01
-4.191083857349130470e-01 -1.170400274684531006e-01 1.090459263602661544e+00
-3.258487000650300836e-01 -1.125999177460493827e-01 1.386251162956595229e+00
-4.181176201159456651e-01 -1.081771478169069045e-01 1.301446331314809690e+00
-2.929382213151395797e-01 -1.943051647637472623e-01 1.362840018959986299e+00
-4.458610428744451404e-02 -2.830155349949496912e-01 1.287967892909599010e+00
1.967810732111966721e-01 -3.975604225667794256e-01 1.289513328607492237e+00
2.688466916075111235e-01 -4.168819977101588803e-01 1.264823646873303398e+00
7.812727064868583982e-02 -3.867546918369718090e-01 1.176866511489334632e+00
-8.360723280181767136e-03 -3.776592437998422813e-01 9.841296098846755713e-01
1.413707079715831316e-03 -3.397457808310405114e-01 1.042132366464452398e+00
-4.177420408101922833e-01 -2.553260695847072714e-01 5.700083544994415385e-01
-1.547707658016773680e-01 -3.403852834903071112e-01 8.380064101773838647e-01
-2.619665918032494378e-01 -3.632112850873347454e-01 9.216749155478827227e-01
-1.943587507766819100e-01 -3.787809432782637264e-01 9.139867144875557514e-01
-4.398126786731987314e-04 -3.627570625425278750e-01 8.827680937603739064e-01
-1.839847153545500213e-01 -2.758597825319754615e-01 7.108897250152913516e-01
-2.521745353447700788e-01 -2.634877588262565795e-01 6.679279560441874208e-01
-2.326762429012646238e-01 -3.543845380059518213e-01 7.540682485648497746e-01
-3.316603368658520012e-01 -3.956693642846890180e-01 8.203194663358781558e-01
-2.412521014789546503e-01 -3.912365142957944242e-01 8.087956116768096892e-01
-3.320017966498986506e-01 -3.061032142714376070e-01 7.550668315460121738e-01
-9.577459981684917356e-02 -2.811431977067294086e-01 9.404290220123776578e-01
-2.506104743713971628e-01 -1.304382494264962888e-01 1.070971103004602298e+00
3.299536108257165867e-02 -1.205417440945839580e-01 1.191282254211262437e+00
-2.751690188969471151e-01 -1.030774171478631152e-01 1.184509419787118878e+00
-4.415483088357058383e-01 -3.119959319557130684e-02 1.213915491700208849e+00
3.775802314061791343e-01 -1.139012671261578902e-01 1.154420504446846740e+00
3.091626436985662751e-01 -1.836316688478100145e-01 1.021036601400009403e+00
4.127022046055460747e-01 -2.565754951271168594e-01 8.990296061910292291e-01
5.145228102324461705e-01 -3.492589014057340679e-01 7.873548522295181762e-01
4.661872067695700950e-01 -2.596638156365984051e-01 6.855200846798210623e-01
4.599607888728457494e-01 -1.275973243097153764e-01 6.270020968916060200e-01
3.308763983923729279e-01 4.703934527221725892e-02 6.281939029226986104e-01
1.394474736287560912e-01 2.159961244342500641e-01 6.671067806887751583e-01
9.792482742171093602e-03 3.337437845533619551e-01 6.341307597694212372e-01
-1.124903254173291178e-01 3.360261683575113678e-01 5.769506818069226606e-01
-1.211894018783084004e-01 2.582329253371260513e-01 5.908419039668805217e-01
-7.348229298244784991e-02 1.038269725661424281e-01 5.856863485474039788e-01
-4.213626728867292393e-02 -4.943507766028479300e-02 5.240874888534348131e-01
-3.516999988258506793e-01 -7.128125233505233638e-02 3.357040353606779437e-01
-2.084789268040106863e-02 -2.154121505757820854e-01 6.395994748286643050e-01
-1.055839953869821962e-01 -2.510331922593322385e-01 4.083168023767953514e-01
-8.559634730549636750e-02 -2.821511574179633164e-01 4.026718630009558653e-01
-7.363967636289044105e-02 -2.418686675362380356e-01 4.059777720890807018e-01
-1.339238661588075807e-01 -1.480248750780766009e-01 4.501160189020133595e-01
-5.658145913602543459e-02 -1.372258938305362663e-01 4.517443324275897676e-01
-1.538278984366676372e-01 -1.914576925898419935e-01 3.191782087169045545e-01
7.893888240902274811e-02 -4.209274844321289066e-01 3.270969407234716742e-01
1.243138774291525500e-01 -5.367623964857677343e-01 2.684311254947630565e-01
1.949640698373049652e-01 -4.960102650898261523e-01 1.472311464296701122e-01
3.637924033932073975e-01 -5.175263874885873694e-01 1.258926983919501086e-01
-5.472773891874606056e-01 -4.745576040456307432e-01 2.998429976883169867e-02
1.982021713075532154e-01 -4.817744308463206560e-01 2.640963895657703064e-01
-2.486393890253906225e-01 -1.922270556247785145e-01 9.617815574187728311e-02
-3.938435814126033108e-02 6.361888688995068208e-02 2.801123825443720405e-01
-2.731397992369969385e-01 3.574335800389171203e-01 2.651338712392968255e-01
-2.728113026712469802e-01 5.172484904946815787e-01 2.281827127321229554e-01
-1.682808441105516639e-01 5.107033944607322073e-01 2.165512163108907207e-01
-6.485293861033504526e-02 4.454193803958150788e-01 9.456640015572327640e-02
1.142350141797872226e-01 3.903594156935655812e-01 -1.739854909818374859e-02
2.445984859862023186e-01 3.262407846002134959e-01 -1.401440427763332719e-01
3.182520418661638484e-01 2.331480925914506952e-01 -1.894823034955663843e-01
2.870572953764382595e-01 1.576082220271142198e-01 -2.479565241279531873e-01
2.156619332273734535e-01 7.513244214949221789e-02 -2.475005129636808077e-01
1.422164657675108745e-01 4.800429391340793606e-02 -2.162853099067839346e-01
1.942568714478150604e-01 -3.337379393237083214e-03 -7.254703357197080094e-02
1.350653870800727629e-01 -3.116717177550880347e-02 -1.061555750652128649e-01
5.642206258639811262e-02 2.102460679423286127e-02 -1.551470863330809413e-01
8.304954745897569213e-02 4.091715814431820530e-02 -8.582456875657576423e-02
8.187681476028935146e-02 3.895856407392490894e-02 -6.526549347861514139e-02
1.512162578543411739e-01 2.154364613847824239e-02 -5.210831191460191247e-02
2.271569084407439043e-01 -4.459304706831822979e-02 -6.158095785879158512e-02
3.731481134275615452e-01 -1.267201453661292443e-01 -4.626059958365004443e-02
3.841281701330112597e-01 -1.686548658896096786e-01 -6.895051384886263790e-02
3.751633631181863771e-01 -1.945900140005014656e-01 -6.477936620665970813e-02
3.960127354530857402e-01 -1.809055130942719969e-01 -6.948691781956206626e-02
2.653034514515607012e-01 -1.516946141970981488e-01 -1.000924361851731476e-01
1.868543013669553554e-01 -9.702500465673867536e-02 -9.034187037042598623e-02
1.357239014755662054e-01 -3.515296559508466340e-02 -1.192780080826268477e-02
9.257292024857097790e-01 -2.047965863885460869e-01 3.711320424185587941e-01
-4.288196260874312937e-01 3.731581097912608450e-03 -9.355765440489294260e-02
2.167610356948310169e-01 1.832678306522336764e-02 3.799733707564050267e-01
5.653461869507298010e-01 1.301857462073531257e-01 1.746339839484432055e-01
8.254741265006425577e-01 3.232365601627437135e-01 3.113161187857750589e-02
9.038066156183270916e-01 4.267496936836323029e-01 -1.007812543108679987e-01
7.653756210884858913e-01 5.375178739859459709e-01 -1.677120828653778650e-01
3.600101339536095901e-01 6.339181575481267483e-01 -2.469829962638977472e-01
2.207226555199650470e-02 6.681306206770546430e-01 -1.900959489523540991e-01
-2.260281502620597183e-01 6.477811135427041789e-01 -1.497653078803175275e-01
-5.021499909181479371e-01 5.617539849878459002e-01 -1.312922187152725795e-01
-5.879459549373289295e-01 3.810414725177638240e-01 -6.039333982590065070e-02
-5.848387168748463427e-01 1.662792294076282651e-01 5.364222345120223112e-02
-4.971770236905542206e-01 -3.786777046907903455e-02 9.923876716235088824e-02
-3.903010761831099407e-01 -1.846901569747790850e-01 1.786468839021204125e-01
-3.976694872971311412e-01 -2.161932384345555958e-01 1.633217132931694682e-01
-3.066576423039185095e-01 -2.706194803734403576e-01 1.666289490485107216e-01
-3.250488817391416485e-01 -2.837583720923810837e-01 7.958023795274406231e-02
-1.778661215882494373e-01 -2.965206981229746019e-01 1.763027485004639572e-01
-2.392856920194565418e-01 -2.446608136872857608e-01 1.209345453567552270e-01
-6.926809165522937461e-02 -1.682301200514361716e-01 1.396438042339226693e-01
7.292153035288732009e-03 -6.786491497650393168e-02 3.607087956152198183e-02
1.137967053172914689e-01 -4.082456490290608392e-03 5.623704780600074365e-02
3.326407330736477763e-01 1.507301299561846636e-02 -2.318285074058235029e-02
3.342877818190866379e-01 3.766218676526568443e-02 -1.177933455698286086e-01
4.822215667696309049e-01 -1.655084725430205905e-02 -1.989616821586691620e-01
1.733960182065418687e+00 -4.776168861748316674e-01 1.824302783485186041e-01
-5.937670678444645356e-01 -7.326594553042198310e-02 -7.539621460484075000e-01
5.254687071013497413e-01 -2.285147745382683782e-01 -2.099598400265164921e-01
-1.889023270953600897e-01 -1.280182334183807003e-01 -3.094663652279430188e-01
-4.865005727149359083e-01 -1.957379005843157965e-03 -1.713946299055689737e-01
-4.565403320084525651e-01 1.791883250597892940e-01 6.509184655490621307e-03
-6.475455188758127978e-01 3.895859752391721553e-01 -5.429212670173989841e-02
-5.127373911196093648e-01 5.103673584966463839e-01 -5.822630746503186516e-02
-1.205224083734371399e-01 5.142375613886737140e-01 1.209991494098060921e-01
-5.270522618885195576e-02 6.141572507518113788e-01 4.813707003296655018e-02
3.210065908992091321e-01 6.124785806279595679e-01 8.212431196806443956e-02
2.720356258044666076e-01 6.148597427796455017e-01 -1.013869412849633944e-01
5.850182339017692135e-01 4.518518921991823145e-01 -9.839766432427871079e-02
4.186546343189498920e-01 3.633405284679778746e-01 -9.490695461280462819e-02
3.378957335764069536e-01 2.736668055223134832e-01 -1.172414774176534780e-01
2.896626362157578849e-01 2.044910782015802453e-01 -1.061456043719791048e-01
2.809880693081972525e-01 2.006269248663274940e-01 -8.730158051909917005e-02
1.783604435842321423e-01 2.573074563604978993e-01 -1.732396808809300026e-01
8.669024662663940561e-02 3.616818077430457579e-01 -2.122579242066946481e-01
7.845386345733576516e-02 4.328888464374873735e-01 -1.574631365197557420e-01
1.120484237445964204e-01 4.909713946283986719e-01 -1.056857149949629870e-01
2.829578627672705293e-01 4.589831195358683447e-01 -2.631311327648926113e-02
3.616694012346823861e-01 4.239938317620615127e-01 -1.552630818812735791e-01
2.478947246489685841e-01 4.038649403095257440e-01 -3.241794882461453836e-02
1.668094603363835249e-01 4.032317268208460703e-01 -9.331363742435019870e-02
2.247253334396180358e-01 3.722166769741389603e-01 -1.464428644345026065e-01
3.039634380581507922e-01 2.547903731712951592e-01 -5.411119964573832958e-02
1.118024692065479331e-01 3.148088357666031789e-01 2.360787713382861419e-01
8.557888529471091577e-02 2.493196384201774030e-01 4.125052392087557446e-02
-6.201456745462671782e-02 1.994332622836005597e-01 -6.380611011757546247e-02
1.592286478802610872e-01 2.450427958560097985e-01 9.215369233673567639e-02
1.199097539597557133e-01 3.100824046055766781e-01 -7.844437037375150135e-02
4.696665771770305309e-01 2.746672820575214446e-01 6.894102576801788840e-02
1.983577053334862894e-01 3.004328451401998556e-01 -7.834137334000815245e-02
2.823043266606059531e-01 3.081289884009147384e-01 -6.180960414636955946e-02
3.344611656479601347e-02 3.968647593173718624e-01 -1.300537955605242380e-01
-1.592668192976275376e-01 4.551006129087684648e-01 -1.299146957156124826e-01
-4.034859072423829796e-01 4.788940253320567719e-01 -1.088082365221059444e-01
-4.808199180434096776e-01 4.195222625247739257e-01 -8.212145748112006927e-02
-5.173212777426333675e-01 3.400640644293418946e-01 -1.017603412461146328e-01
-5.489333648009371291e-01 2.944552215446134547e-01 -3.045453231350107176e-02
-5.144648304181813625e-01 2.941005742330097816e-01 -7.269046228774403429e-02
-3.860768192200280113e-01 3.582162244376457250e-01 -3.726149180567052410e-02
-2.683855108282878765e-01 4.135896038622239312e-01 7.749281034088087439e-02
-3.532106504311773310e-01 4.790067311065950295e-01 3.174195138234228719e-02
-3.307048482082621810e-01 4.585241060653201806e-01 -1.692428268935854824e-02
-3.014882516855674210e-01 3.347366700637821602e-01 -1.035400497401396946e-01
-1.834221843308614375e-01 2.200343922640948524e-01 -1.283884369102838707e-01
-4.139736491884832281e-02 1.409061959928548102e-01 -1.490652304684056684e-01
-8.431607144912442453e-02 1.022696825047473834e-01 -2.603679361015183713e-01
1.591797483651431408e-02 -8.388408711442363330e-03 -2.000496312878229099e-01
-8.104072104619562678e-02 -4.143422496159947233e-02 -2.324536141924755939e-01
2.219382289961099874e-02 -1.031979799658533370e-01 -2.928701237000251867e-01
-1.677701663432775575e-02 -1.607056012440028769e-01 -1.929694261551685441e-01
3.652712684089129969e-01 -2.408386567653985066e-01 -4.999172495906052671e-02
-5.737225888142835073e-01 -3.038943098395413545e-02 -3.828154913972371398e-01
4.152260382322304211e-01 -2.862993508630943262e-01 1.072310356675583998e-01
-9.222895692521604349e-02 -2.858970417101411310e-01 -1.902522347092839849e-01
3.479612267897506939e-02 -3.912229168857701556e-01 -6.464249872103848549e-02
-1.810719241730590068e-01 -4.314430121609923452e-01 -1.511444992836849244e-01
-2.483022339429171166e-01 -5.948262626494262850e-01 -5.897983116687059713e-02
-3.695824752919111278e-01 -6.955578110302620409e-01 -2.432587395951624903e-02
-4.972710444390002760e-01 -5.647002436053184526e-01 1.218148763765736220e-01
-2.496790703856262561e-01 -4.698951658134635223e-01 1.365167532374951809e-01
-2.629902822538604523e-01 -3.439621620707334348e-01 -4.443073319968215973e-02
-4.881589085493188290e-02 -3.186972743161297084e-01 -9.038377684910578469e-02
5.873807380213406232e-02 -3.225369494227193212e-01 -1.248187465691802944e-01
1.189590841052969028e-01 -3.624471475055149883e-01 -1.386655881967273907e-01
1.336738499728617469e-01 -4.315471960567798249e-01 -1.534958386894058335e-01
1.877757504556665791e-01 -5.186762754142053566e-01 -2.293014171680122504e-01
2.318561040651305194e-01 -5.497352887950832656e-01 -2.564300823852886935e-01
2.383621104874684704e-01 -5.477866642038633493e-01 -2.481071687947851434e-01
1.943876187570697800e-01 -5.090663468373722855e-01 -2.209202412175225727e-01
3.510889023325979297e-01 -5.366629966603748692e-01 -1.301433322740664367e-01
1.644905797799811331e-01 -4.779194264036397133e-01 -1.709609696265838308e-01
1.916769204743952459e-01 -4.753640109458182605e-01 -5.905883832210342271e-02
2.578082089206121252e-01 -5.017787183470501233e-01 -3.549956897115447846e-02
2.894109921170198163e-01 -5.599290914118857376e-01 -4.589926933516960683e-02
2.683025635055154567e-01 -6.420988932557956108e-01 -7.518074230846123751e-02
2.370818191588106860e-01 -7.031013205066036775e-01 -5.811209470686207884e-02
2.611617820814302049e-01 -7.334025193590495428e-01 -5.469521605086503230e-02
1.518789456864350629e-01 -7.322274596307729588e-01 -6.641584270218890695e-02
1.472126083790073481e-01 -7.634705960298786565e-01 4.091971072760520328e-02
1.170616627706422552e-01 -7.582426570737412774e-01 3.786350422406027649e-02
6.771729182703087324e-02 -7.593161103985102134e-01 4.940845477132656260e-02
8.023145546177537502e-02 -7.099338608217342639e-01 5.237952600235679795e-02
9.475178641289634662e-02 -6.671312914026125140e-01 3.691576510174882780e-02
7.726152495424092048e-02 -6.114022587615324245e-01 2.279378404393333363e-02
1.057159475031836521e-01 -5.626473139230344644e-01 2.885523009262831035e-02
5.288207370725490214e-02 -5.076933309213538248e-01 4.516548876522044620e-02
9.760891778544653063e-02 -4.859333466331785534e-01 3.858511487132184475e-02
1.192082418754736306e-01 -4.504409741463182848e-01 1.018083721118969581e-01
5.266248162523127357e-02 -4.208161161804535588e-01 6.316885967683109893e-02
3.926688567799629936e-02 -3.991308599073412067e-01 9.179318324242587146e-02
7.848272468101144539e-02 -3.807869263362278489e-01 6.985113032050951909e-02
7.014720697927875892e-02 -2.955460999018363344e-01 1.962048857240868138e-02
3.887752533689665252e-02 -2.110635253680754331e-01 -4.337211479601551373e-02
7.587898449295568670e-03 -1.101924344157343694e-01 -7.126453880898453441e-02
-7.702265640491756660e-03 -2.176157441087452071e-02 -1.262427220720595544e-01
2.648294790684499467e-03 4.066508582147840278e-02 -1.763125548758041061e-01
-1.001478237515097958e-02 4.743398587458107218e-02 -2.066636393830042218e-01
-2.963714010012840488e-02 4.436264252309429779e-02 -2.223032612560003340e-01
-5.274137474526281733e-02 4.995597121786600481e-02 -2.341739738114795577e-01
-3.935015467384072457e-02 2.645394216267162035e-02 -2.427349186359450128e-01
-1.587808441918029875e-02 1.229843605414744634e-02 -2.299194421418063738e-01
-3.438208550343507114e-02 7.002022387221112920e-03 -2.097223979238348468e-01
-1.086158370847099819e-02 6.765205805598611954e-03 -1.509241394103401079e-01
4.328573004437583083e-02 4.834248589862761430e-02 -1.298374218038328420e-01
1.009686810306836130e-02 3.809852210281368390e-02 -8.454468139445946162e-02
5.957907742514545468e-02 3.725674889747387225e-02 -4.234730465754703299e-02
4.706950540707172809e-02 4.561606659875791503e-02 -2.544663708216332587e-02
3.537633734778209554e-02 5.136536314911666068e-02 -4.222230207384820855e-02
-1.673552311956613692e-02 4.241329995321940077e-02 -4.319474958826253347e-02
1.612477387711295368e-02 3.164624593101074412e-02 -8.468165285872711334e-02
3.779489980543246364e-02 3.089253804342583648e-02 -4.212173950506804126e-02
3.294192426689004222e-02 3.811897101978498070e-02 -2.187955662227355352e-02
5.475629760596015250e-02 6.107092639893089286e-02 -2.771927503135480572e-02
6.913923643985694922e-02 8.399517409376588972e-02 -2.171909177363369470e-02
7.384924484718634330e-02 1.029092962332896766e-01 9.829824681516746709e-03
1.487052311707414420e-01 1.043815883966503211e-01 5.489924531583861844e-02
1.601689840038442725e-01 1.341975064302380061e-01 9.723882646393104678e-02
9.827644580296567012e-02 1.236329267879375804e-01 1.312856195292737560e-01
7.308113285889239474e-02 1.057290720317756311e-01 1.200464759889290495e-01
5.665381801667603023e-02 7.600514813144182424e-02 1.090178644243728484e-01
2.849036469436062174e-02 4.195073496159788112e-02 8.064605516554484987e-02
-1.507948911450698870e-02 8.248396057130111259e-03 7.272107526384759268e-02
-1.957833440372718642e-02 -2.117595437786598533e-04 6.626610227613702331e-02
-6.007621363492120226e-02 5.177129280855355398e-03 6.564711196009022365e-02
-8.435781043315156158e-02 1.833437111770998273e-02 7.269464898905934891e-02
-7.632788165300984085e-02 3.358138008984877521e-02 7.868671734559291864e-02
-6.600294766122695445e-02 5.136563253970674592e-03 1.036830560022576619e-01
-4.846942945620687920e-02 -5.097199639242431385e-02 1.288364562845488726e-01
-6.379219620166714198e-03 -9.761843501079704721e-02 1.321033579023655480e-01
-5.446993625812492079e-02 -1.198949983724509616e-01 1.146323062155943928e-01
-9.678310834902159598e-02 -1.175940294764143690e-01 1.290024369994681452e-01
-1.408563382500763184e-01 -9.819764781878151383e-02 1.665646098024387012e-01
-1.649180650708189921e-01 -6.040806694472893035e-02 1.906545891666347192e-01
-1.818872146565545522e-01 -5.645792061522268701e-02 2.057701842694554806e-01
-1.830776916645654728e-01 -1.327078680285302126e-01 2.120341281518060284e-01
-1.683080477736278446e-01 -2.334062414580224398e-01 2.424340886943698592e-01
-1.398510829555144330e-01 -3.234226124232324473e-01 2.929796532534323372e-01
-1.047885701466663988e-01 -4.014372239003847764e-01 3.321098628056227131e-01
-1.270903331068169440e-01 -3.903772793322663470e-01 3.866785609119492984e-01
-1.516316610829013534e-01 -3.690763340228079281e-01 4.468838786928042150e-01
-1.455511129528984926e-01 -3.740001438153279789e-01 5.010505025267277812e-01
-1.565865430660582092e-01 -4.353174198870432554e-01 5.030999032592924358e-01
-1.643541656779530236e-01 -5.806425248301286812e-01 5.328064382514510200e-01
-1.964867154148424166e-01 -6.855534886029364117e-01 4.970681156177998994e-01
-1.861297163287431444e-01 -7.193417332949915144e-01 5.079716619473365613e-01
-2.377850735211995969e-01 -6.350108598975739982e-01 4.742595827568077960e-01
-3.105266284412439015e-01 -4.696345651641442576e-01 4.429429955536027808e-01
-3.552010048555297450e-01 -2.995182691886073001e-01 4.630549693642029840e-01
-3.946483321311037851e-01 -7.795995181813114572e-02 5.157472096731622324e-01
-3.488591348663737657e-01 1.840635304907682623e-01 5.640436432533916244e-01
-3.163311361079620410e-01 4.684100536899213907e-01 5.707947163033756377e-01
-2.556166199743977741e-01 7.328137315956474440e-01 5.274257536504327604e-01
-2.636275102375520429e-01 9.094847961092095145e-01 4.942912427164162792e-01
-2.790425898419897077e-01 9.174810533744131025e-01 3.885028681210122015e-01
-2.857022229567954263e-01 6.819330059575243741e-01 3.460222297328318652e-01
-3.755235501087312300e-01 3.474678206437524786e-01 2.859380135218406727e-01
-2.674146018529489632e-01 3.488714652475558009e-02 2.065471691798003995e-01
-1.899706828264920710e-01 -1.316253897627117364e-01 1.756179229727153346e-01
2.379083475206867498e-02 -2.924446285717224869e-01 5.432491881583477455e-02
-3.107936201485881345e-01 -3.667762302395819463e-01 -1.992004455758917408e-02
2.056429275282730951e-01 -3.042377130977406141e-01 7.012948335513656539e-02
-2.320410422195082478e-01 9.835937012025197657e-02 8.325622968422050074e-02
-3.067030451435727167e-01 4.918721265299219603e-01 1.675975926933081228e-01
-2.544169301010230644e-01 5.069898165954136449e-01 1.668529002460548138e-01
-3.306820930635165356e-01 3.270506073691706317e-01 1.982257844191527840e-01
-4.033082060281850123e-01 2.619659664625283990e-01 1.396879491354950376e-01
-3.042323027522653711e-01 2.441059397486591287e-01 5.315603649142763842e-02
-3.393442906578608698e-01 2.539593040009041625e-01 2.297336279889508615e-02
-2.713405117204237271e-01 2.775474874741883369e-01 -2.361276724706252994e-02
-1.763039934277051968e-01 2.639756147237291017e-01 -7.144195939833274112e-02
-5.003197175505719879e-02 2.118154340003658431e-01 -7.791449194814677182e-02
1.181145358983864413e-01 1.336169512260580727e-01 -8.831001164399203407e-02
1.895915213467510019e-01 7.599859739403831693e-02 -1.393659615313700972e-01
2.599809952880910990e-01 2.113305018951736058e-02 -1.834027377213897914e-01
3.154396423479430833e-01 -4.809361096846964667e-02 -1.885829183367764006e-01
3.331507908713547406e-01 -1.145524993891133547e-01 -1.690080629126849698e-01
3.157901760286265791e-01 -1.479537501620062367e-01 -2.055748106500592254e-01
3.117819792100144927e-01 -1.470588387196365698e-01 -2.124221019958093537e-01
3.700402029643865554e-01 -1.731315340815864912e-01 -1.598510105524268698e-01
3.638214095956568417e-01 -1.595784648008022055e-01 -1.046698703765724103e-01
2.927465853835150011e-01 -1.322409494737974700e-01 -8.154617071672307094e-02
2.705361110322802021e-01 -1.433464783875132709e-01 -1.057708077137921171e-01
3.421153973814830551e-01 -2.354360306921921553e-01 -1.028925111580777790e-01
3.393033338335514904e-01 -3.652278188232439549e-01 -4.731971870217756282e-02
3.449541025670221916e-01 -4.286320176751440281e-01 -7.770948712297247318e-02
4.224758758295029670e-01 -4.258294652963204863e-01 5.844046811537664809e-02
2.851256324289723754e-01 -2.570214961025016898e-01 3.875993454858100290e-02
7.779634805116003582e-01 -2.793025035588040383e-01 2.149218435130812455e-01
-2.626568677627306725e-01 -9.622830686115774190e-02 -3.065195867524982132e-03
5.076610982664508942e-01 1.623100586710659599e-01 1.754805471301477682e-01
6.240666810658895836e-01 6.083895752030676896e-01 -1.541166343151714746e-01
9.207013357186545344e-01 8.937354076226416977e-01 -4.838031272092772062e-01
1.376719051326410703e+00 9.756410325205151501e-01 -7.499923227581813956e-01
1.667570205616025092e+00 9.994229386537489823e-01 -9.382249307066152788e-01
1.635272721540422580e+00 1.029054862920426361e+00 -1.296541846419005717e+00
1.720199379185514577e+00 1.012191340416070284e+00 -1.466837065996591916e+00
1.394644362495092604e+00 9.878445236357387138e-01 -1.346903918012542833e+00
8.543774665838437254e-01 9.510509958839684641e-01 -1.382265108207497928e+00
5.771386609457662686e-01 7.657962070717466707e-01 -1.144692191509252499e+00
1.629303903714709734e-01 5.663622592494189645e-01 -9.746652106684092765e-01
-7.277339246582878451e-02 3.077319735513526222e-01 -8.225911104280209107e-01
-1.379945688282595007e-01 8.625072708347819583e-02 -7.166096742331031777e-01
-1.922936580535919704e-01 -7.640816314563703138e-02 -6.397195924427186986e-01
-3.153053375822181259e-01 -1.637986845373820000e-01 -5.823387828420727441e-01
-3.432144545902572341e-01 -2.202136952853190333e-01 -5.517477758605801030e-01
-3.942353801110396461e-01 -2.080360333813097706e-01 -4.838266451753920339e-01
-1.654492216776949354e-01 -2.588617088926040144e-01 -3.958979767950902007e-01
-1.883080891619737796e-01 -2.555744147370962449e-01 -3.907074069351090806e-01
-2.363357689128366967e-01 -2.717060847300047932e-01 -4.122751560524473002e-01
-8.780723054433559049e-02 -3.568373715172045713e-01 -2.584875889377021285e-01
-4.512975824865983476e-03 -3.396016000573792715e-01 -3.417204840928797505e-01
1.402470095934580108e-01 -3.925730019326831299e-01 -4.162276231806991689e-01
3.884496673938649947e-01 -4.790692586393412444e-01 -5.316462828096775173e-01
2.629218494241655213e-01 -4.640164942736219045e-01 -6.464925222331611154e-01
1.114525531770373057e+00 -6.015159365151717674e-01 -5.426170040749217494e-01
2.237292551777919081e-01 -4.043576146846628583e-01 -1.326762327801826125e+00
4.773479259916919570e-01 -4.344149671469387242e-01 -9.071742581864602473e-01
-2.838112313996739022e-01 -4.189127577505800115e-01 -9.054095848179456452e-01
-3.824693033396588948e-01 -4.915984007899499297e-01 -7.782941436196473273e-01
-3.781852410328126468e-01 -4.295006295251599382e-01 -7.741845499539790065e-01
-5.439014143564169235e-01 -2.886590655076961554e-01 -8.298391826910277436e-01
-5.449853652399387904e-01 -1.299785936666011665e-01 -7.279865676643649808e-01
-4.717465791235954109e-01 6.509313518131795706e-02 -5.728862116122643844e-01
-3.556030277647840299e-01 2.404011533162224989e-01 -3.876272319287543677e-01
-2.381782534193991885e-01 3.662311514741080076e-01 -2.989887294113834915e-01
-8.163581135307038106e-02 4.283005244796858624e-01 -1.070081069319140238e-01
-1.120135602944483805e-02 4.371618216813861757e-01 -1.793491043505911209e-02
1.542871023090832683e-01 3.974929296039467763e-01 6.604266643570874673e-02
3.022430398154599684e-01 3.169062235463021016e-01 6.838635357095376732e-02
3.573659711783802595e-01 2.622364477395663362e-01 9.178585519385239200e-02
4.218740458781460312e-01 2.359116077164248593e-01 -2.713375767491685298e-03
4.499976025687771886e-01 1.812789094571644610e-01 -2.350621078298343464e-02
3.851049160225435974e-01 1.492451961199276478e-01 -3.528163743874504488e-04
2.667228260984333410e-01 1.837369161048565125e-01 9.779689881549112618e-04
2.323774603226031188e-01 2.128652755233830796e-01 -2.075560221654042942e-02
2.391802452854989158e-01 1.725879147276746239e-01 -4.308924618882865876e-02
4.355731034320224904e-01 2.976222128279223944e-02 -8.893995600915716171e-02
3.332065643760946383e-01 -1.890549062010729586e-02 -1.558187547861057121e-01
5.123147261176020928e-01 -7.775040828597870601e-02 -1.939033485409936697e-01
3.926182747596784206e-01 -4.761058599411244208e-02 -2.171014028674871088e-01
1.079981010780720396e+00 -2.334165915797878355e-01 -7.109697888326914350e-02
1.398211051934301896e-01 -1.380889325071701368e-01 -6.017629898768434016e-01
3.180005801206254451e-02 1.811030180620001873e-02 -3.786850259634222948e-01
4.381182993716182250e-01 2.872812088007276610e-01 -5.651215022689491940e-01
4.947946029218414088e-01 6.542229691110637013e-01 -1.035904744696114266e+00
5.702452571827794081e-01 7.873771404440048638e-01 -1.030067006072793445e+00
3.222118057636302879e-01 8.598624487980566222e-01 -1.101426912434297911e+00
2.775781703189202920e-01 7.905626247974224530e-01 -8.877093366444956946e-01
1.334586667599749754e-01 7.957334660267376680e-01 -8.516323061554942342e-01
-2.402344314811960813e-01 7.914743482492558879e-01 -8.721713029097681869e-01
-4.138314182605359881e-01 6.517016866862710422e-01 -7.878127850960169321e-01
-5.190897186589003010e-01 4.417927604660098484e-01 -7.323466396259675770e-01
-5.813916634418977436e-01 1.735082813294054893e-01 -6.494951685789349671e-01
-4.591864580314078403e-01 -1.733485824759795624e-01 -4.593645175763347299e-01
-2.593209973455866679e-01 -4.635904266562509979e-01 -3.737415461978576547e-01
-1.573501412145079659e-01 -6.405007450089976739e-01 -2.542207671959423876e-01
-1.473342192112299665e-01 -7.274019370440120147e-01 -2.371589013742395891e-01
-1.848154947347266375e-02 -7.564658183821642012e-01 -2.206583992905373770e-01
1.037136772423974673e-01 -6.728948837955643913e-01 -2.159355995722193056e-01
1.110739349524578201e-01 -5.253911937201197757e-01 -1.884135661159377917e-01
1.361704617547146445e-01 -3.476473691596312920e-01 -1.480555546674788281e-01
2.273923456650234765e-01 -3.225485063006488518e-01 -1.601861326026033927e-01
3.871927889257640865e-01 -3.316565372513953225e-01 -2.947089939640502587e-01
3.470324280876225798e-01 -3.076294891670134923e-01 -3.015362833017801170e-01
4.253241448413723758e-01 -2.497757519455592323e-01 -3.167988612053170838e-01
7.496581681478762249e-01 -2.317261462509372372e-01 -2.722510124459779912e-01
6.830637949103592899e-01 -9.781184159447198212e-02 -7.584160856736602563e-01
7.212003878120376577e-01 -2.514648277975001789e-01 -3.731682134929774075e-01
-1.158354231107824733e-01 -2.548169576931063052e-01 -2.217724595137450239e-01
-3.727045821653644508e-01 -1.265474154724264277e-01 -1.926813481377745441e-01
-4.742845918721873000e-01 3.667789238891827619e-02 -3.088687282852373706e-01
-4.584479875569798524e-01 2.467706685223352570e-01 -3.872382250127111014e-01
-4.558313479196415829e-01 4.444420858593506884e-01 -4.735709426693662794e-01
-3.863577505988859406e-01 6.404755309656933182e-01 -4.954948033707140542e-01
-2.729319203849713271e-01 8.287387998504874842e-01 -4.727776627034586676e-01
-1.500430923413976214e-01 9.208263610889180217e-01 -4.549077067651994266e-01
9.787865091835115661e-02 9.023685088402036980e-01 -5.151850213902872122e-01
1.398523313796024292e-01 8.089909736871792045e-01 -5.241234243394964354e-01
1.640692952195400289e-01 6.565328313828497908e-01 -6.265701502095213371e-01
4.135717539189696645e-01 3.774699597011144103e-01 -6.426621529650133890e-01
4.744947945884875340e-01 1.493427165803742906e-01 -6.171497400702873337e-01
4.904176650971153739e-01 -6.493411616349670235e-02 -6.919847496381399399e-01
4.119073639888825022e-01 -2.230979261394249180e-01 -7.490811022606417291e-01
3.588006676295747988e-01 -3.686278174290239518e-01 -8.047296405346864301e-01
2.923542673233882061e-01 -4.452793631409281971e-01 -8.623456132013513908e-01
3.203304571911886889e-01 -4.746316456281575724e-01 -9.171089153230336244e-01
5.362802690992659604e-01 -4.776639126841507044e-01 -9.830109006145796302e-01
4.671500892996927057e-01 -5.098608645873732303e-01 -1.153720657787449921e+00
4.212300477906629759e-01 -5.747872565679048584e-01 -1.079726409462331116e+00
4.649844574742504344e-01 -5.253243116074908237e-01 -1.082623672668159287e+00
1.844109822772130314e-01 -3.593192917324876112e-01 -1.075156915396267676e+00
9.335967758858918497e-01 -2.795563519071883607e-01 -1.019301791563623327e+00
6.104212836351483595e-01 6.574404008919854103e-02 -1.593399108701259559e+00
2.117276267734143069e-01 8.201836784921323620e-02 -1.631789699894643064e+00
6.548121118546520458e-01 7.199613073725941170e-02 -1.782417601800519336e+00
1.441776418179476105e+00 2.832714935353253249e-01 -2.185779932078439458e+00
1.079270380431904597e+00 4.924429108741628092e-01 -2.384823208194509547e+00
8.204912425514150343e-01 5.920571394283673516e-01 -2.389625870620824877e+00
6.202685436097925553e-01 4.974279314124926410e-01 -2.392425110664256227e+00
7.308567789612888665e-01 2.176772903471846377e-01 -2.361804741440629130e+00
6.715805370541887420e-01 -6.313420195799035461e-02 -2.255015974949431623e+00
6.428118826441819866e-01 -2.734711051814529004e-01 -2.198936186863156284e+00
7.750328314828611731e-01 -4.149059690821429447e-01 -2.145755429820851212e+00
8.257887089473441300e-01 -5.142908570284403513e-01 -2.097473218606862755e+00
7.919947420458772758e-01 -5.637684907428198722e-01 -2.103303857601713123e+00
6.785296053244803671e-01 -5.456671387369306236e-01 -2.077723288699642623e+00
5.694302248269382805e-01 -4.753873806411033076e-01 -1.999399983259661395e+00
4.818451169947103874e-01 -3.864391569478636823e-01 -1.917424941394259452e+00
4.330617972848777031e-01 -2.775575013925682955e-01 -1.750303454590119268e+00
4.671828722674150614e-01 -2.167487270278467548e-01 -1.620342370148289746e+00
4.583463704884328527e-01 -2.384991433233151215e-01 -1.399148073539439707e+00
6.528645634347035598e-01 -2.932459445861852476e-01 -1.308001039701792489e+00
8.069671978898289577e-01 -2.817903872155725908e-01 -1.295120370141608301e+00
7.841816185954890717e-01 -1.811668301498765565e-01 -1.251917426657766841e+00
6.359921171642675120e-01 -9.396557793211757215e-02 -1.158395984783612942e+00
6.964154074666504268e-01 -3.472753693711216894e-02 -1.194888475409877193e+00
4.684868061693308605e-01 2.401003971109205715e-02 -1.213893061807477247e+00
1.588207793843490201e+00 -2.226563516682722454e-02 -1.030932732056467183e+00
7.904967965926940066e-01 2.778538118008759827e-01 -1.700339671681341702e+00
1.574029074967969288e+00 4.193873092817301806e-02 -1.234920796345504002e+00
7.476283935927932056e-01 -1.569584065893998570e-01 -1.342601443334460631e+00
6.496235016591793698e-01 -3.505242141020120661e-01 -1.548576028133340499e+00
3.398589839546897196e-01 -3.629197572901641244e-01 -1.810052110812761850e+00
1.044070128643804496e-01 -2.957733259546365678e-01 -2.089541062602616073e+00
-6.864011385362001061e-02 -2.155599155009016998e-01 -2.218847997807287697e+00
-7.200370737180877834e-02 -2.852246457737561691e-02 -2.206511111503440592e+00
2.248233733111690280e-02 1.811088521860183542e-01 -2.174061977378748622e+00
2.118056352638011675e-01 3.429264311820272582e-01 -2.053906682823067431e+00
5.425608141999553879e-01 3.339009209254621968e-01 -1.828687708665645895e+00
7.749443375616934526e-01 3.193354867516144946e-01 -1.656062561936347377e+00
7.716740053623142304e-01 3.034912049701636860e-01 -1.467251764093279842e+00
7.918961458515675345e-01 2.008334751323659351e-01 -1.214257326983325447e+00
8.601688289979689817e-01 3.494558818449522430e-02 -1.010694050199516303e+00
8.115359185262576158e-01 -1.052512208033541952e-01 -8.615146699297389077e-01
7.208228795181870208e-01 -2.411778191252504366e-01 -7.974415661219931284e-01
5.777114167424910463e-01 -3.753473022650595237e-01 -7.440957302751615154e-01
5.553523291205954004e-01 -4.550058790358847971e-01 -7.521535444057360076e-01
5.022125361167261159e-01 -4.498334407136803659e-01 -6.618144986043279498e-01
5.428591413306979030e-01 -3.946519465646253222e-01 -6.124441171286156838e-01
4.806436990475247972e-01 -2.764039145479708082e-01 -5.308253730884294752e-01
4.662667657804089316e-01 -1.939276407117277723e-01 -4.597140464665620541e-01
6.332562916874486802e-01 -2.068878407085784354e-01 -5.016537671902832063e-01
5.738587101061052298e-01 -2.780047119193884697e-01 -4.663633249505958478e-01
5.402776540187455012e-01 -3.062562462029619903e-01 -4.666016622780844725e-01
1.076745821255199242e+00 -1.463834285404874702e-01 -4.828763444446199093e-01
7.239622573352341717e-02 1.391272122068384354e-01 -7.233095928640059791e-01
-3.576266035558868239e-01 1.623142453258583084e-02 -4.765412388741644967e-01
2.856242524275705019e-01 -3.362724511359534985e-01 -7.033075203033232192e-01
8.172700276632148819e-01 -4.202208492199303036e-01 -1.083216228811334281e+00
8.022228686162095057e-01 -4.508532980026730419e-01 -1.278695051212091593e+00
6.855161149785772290e-01 -5.867550489022594906e-01 -1.410686099006219552e+00
4.229275151220214246e-01 -7.767467427198233576e-01 -1.163452693369549040e+00
2.282958411442735647e-01 -9.947365951260230821e-01 -8.009164727162972897e-01
-3.325743650010454244e-03 -1.123212919187228431e+00 -6.377120335606649704e-01
-1.848962200015295543e-01 -1.201193163842607881e+00 -6.988019209968823198e-01
-1.954817890919203494e-01 -1.244177699037834817e+00 -7.052114957942346996e-01
-2.172468516762067758e-01 -1.213955721853118508e+00 -6.844345453743919672e-01
-2.790760915708162537e-01 -1.178578854983029389e+00 -5.996534213814253000e-01
-2.241867469517324907e-01 -1.141662098394514491e+00 -5.982890679551429169e-01
-2.486348050002229471e-01 -1.063430324767469459e+00 -6.744125158724857405e-01
-4.019972835360250407e-01 -9.067348777307128183e-01 -7.341423441018277707e-01
-4.827759547752425995e-01 -8.501580761229854399e-01 -7.100578361004947769e-01
-6.022720079234138435e-01 -8.249441913024675443e-01 -6.840892955318167434e-01
-7.151123812252714318e-01 -8.332241177153253409e-01 -5.600422232661035338e-01
-6.108527512956881678e-01 -9.393500984668151643e-01 -4.338679492540022942e-01
-7.276704057247612711e-01 -1.047895829075371488e+00 -2.992587617728194038e-01
-6.404412362886959809e-01 -1.180781961251736734e+00 -2.072341975266365766e-01
-6.379320486934703105e-01 -1.298464896374266431e+00 -2.389312558216654669e-01
-6.478963933316359558e-01 -1.331771952007242632e+00 -1.700345561692606089e-01
-5.816358815248753311e-01 -1.167580244025373304e+00 -2.780300966054414236e-01
-5.713058661738894539e-01 -8.260801510522333135e-01 -4.667898760029204341e-01
-1.441506607772906068e-01 -6.656211928340260986e-01 -5.707354220071492179e-01
-4.751966261331477259e-01 -6.970738139309116121e-01 -7.788845029197117853e-01
-2.096584990902378154e-01 -7.946941688112161284e-01 -7.275016404694079064e-01
-6.236989485006925182e-01 -8.700715303790675925e-01 -6.696800110470360057e-01
-5.399901465677166001e-01 -8.999601767135777530e-01 -2.477306044990039147e-01
-8.938064885713207230e-01 -7.399334172780336338e-01 -5.832777925020438126e-01
-9.801342368201814148e-01 -6.737101762431220164e-01 -5.907855700102890850e-01
-1.119896332921064053e+00 -6.039410881555080657e-01 -7.652747003047305485e-01
-1.034695357910051516e+00 -5.021609208566317761e-01 -8.013239900451067932e-01
-8.615414055578325403e-01 -2.897741327950471013e-01 -7.575835482013271172e-01
-6.701578389381767087e-01 -8.178793340138107437e-02 -7.315467098618132491e-01
-4.821237039385027900e-01 3.061260558573852819e-02 -7.276078406929595843e-01
-3.573111472309487557e-01 5.655192348148874171e-02 -6.669890357210133125e-01
-1.348788039127373772e-01 -1.051057525964427253e-02 -5.343287887984145001e-01
-1.821679089606269564e-01 -2.400472939172626496e-02 -4.808681951145686306e-01
-3.403098643178565363e-01 -8.420294478775752767e-02 -5.428193400267090629e-01
-2.551870651160145220e-01 -1.661372830054491379e-01 -3.881925711641611709e-01
-3.300441874905028494e-01 -1.743457832804089225e-01 -3.272111500668559159e-01
-1.487205745246029664e-01 -1.989251236777312970e-01 -2.000832039274444973e-01
-5.038295004143186762e-02 -1.628738184753122653e-01 -1.615226983782576675e-01
-2.428184519793308641e-02 -7.890124415076291142e-02 -1.093772370296732105e-01
3.277245617436293224e-02 -3.176424457392756917e-02 -1.526959052225946266e-03
7.385223093013423834e-02 1.461612416254378169e-02 2.855980705654763072e-02
1.512292710075746338e-01 -7.282332482005082763e-02 7.771827114437712680e-02
2.290991889534700898e-01 -2.289979522524100974e-01 1.117522814937803172e-01
3.776047554465137290e-01 -3.315003367432989845e-01 1.517869542195833532e-01
3.952349760325897243e-01 -3.299859145462781251e-01 1.397287215341739275e-01
4.261759045940705093e-01 -2.462716071977746890e-01 1.175253404872782514e-01
4.413172637177854019e-01 -3.119264822586032548e-01 2.274935815873053435e-01
1.752464699847609553e-01 -1.374380517898187437e-01 1.399197252353620059e-02
2.490320072407533614e-01 2.629108345486674825e-02 -1.738456989241051465e-01
3.542821189729365439e-01 3.101560490263234882e-01 -2.485925974248367754e-01
3.309642797699128280e-01 4.544400193012439471e-01 -2.033080990439582458e-01
1.933499519903536523e-01 4.507600846462929134e-01 -1.217766374802443791e-01
1.733767622721230361e-01 3.224371948590935566e-01 9.865408948662351962e-02
1.355191422874361118e-01 1.558547110343078135e-01 -1.203195125863058823e-02
9.002036957545801743e-02 9.601290604253842620e-02 1.089299642190552225e-01
-4.269924281174372616e-02 1.088743100918624085e-01 8.009013438822996933e-02
-1.255514059195310395e-01 1.270145231141736886e-01 9.043127648500931537e-02
-1.376189118520810828e-01 1.467786153794573556e-01 1.368731303723943749e-01
-2.918870398418720313e-01 1.844359842917614178e-01 1.456131363293801106e-01
-3.461965529298995925e-01 2.014322989365380512e-01 2.036144253033081719e-01
-3.837551525996342749e-01 1.560092640261901420e-01 2.201718447695752701e-01
-3.205816735758495462e-01 1.166424555628854942e-01 2.679833887045384166e-01
-2.731164890052025229e-01 8.450244028208800384e-02 3.146668999844808856e-01
-2.482200018146814569e-01 -1.543140546250462708e-02 3.611295524622312736e-01
-6.803583684615485683e-02 -1.169437065678559096e-01 4.129642321167956154e-01
1.042559383302137377e-01 -1.387312304839972421e-01 2.569607805838912684e-01
4.036754272813790623e-01 -2.842330423162344188e-01 2.276697799222676122e-01
4.825714521904069243e-01 -4.185256812976754226e-01 1.387071086215788396e-01
4.746022765556490719e-01 -4.328447245897847351e-01 5.106852601151436188e-02
7.167320898709389487e-01 -4.280303489878267698e-01 5.330859177924487935e-04
7.244188118052974357e-01 -3.031306571987434362e-01 5.024090186152370408e-02
9.462320499976736299e-01 -2.576859882955724879e-01 1.610756296723200864e-01
1.002268047011632524e+00 -4.751940009674401888e-01 1.655175789275721288e-01
1.829291076247924475e-01 -1.945223515589171448e-01 -1.924454790780656677e-01
4.186207262946020635e-01 -1.047371736104014961e-01 3.884657131182227274e-02
-1.263785012168689437e-01 2.014606458533164390e-01 1.669646165106322133e-01
-4.650306056219164486e-01 4.088314986168083420e-01 3.750462896132267798e-01
-3.613579424896826708e-01 5.251514442596109111e-01 4.081360222311526398e-01
-4.155628356230098852e-01 6.356688215723407254e-01 2.151090757332082826e-01
-4.336006554966105320e-01 6.708058329660713248e-01 1.803992917879806701e-01
-3.381377471960018699e-01 7.079155920212065745e-01 1.670705524755258797e-01
-2.198804159898522792e-01 7.790429752985290612e-01 9.176202936479220529e-02
-2.667920330860032996e-01 8.803293435928809529e-01 1.697643593821688765e-02
-1.280121323174997772e-01 8.296099651773234385e-01 3.493538801855341352e-02
-4.392847986205117294e-02 7.188454257930372293e-01 -7.026496099514745533e-03
-1.249481903533297966e-01 5.937787721754482773e-01 -1.081971211781779380e-01
-1.696870946066284525e-01 3.903748767574772294e-01 -1.095093040957966501e-01
-1.623563384233261964e-01 1.951163191816182030e-01 -2.631144260178976818e-02
-1.041941539475559897e-01 5.291196899817400545e-02 -2.893315767228444094e-02
-5.403671720298351688e-02 -4.705656966633577770e-02 -2.891329573331398797e-02
3.913346430408275178e-02 -1.125485569624620485e-01 -1.297606266278485999e-02
1.122178515356155870e-01 -1.008904995781437497e-01 7.251609793909197937e-03
2.418789865238477887e-01 -9.915068587871167516e-02 -3.451245575118236375e-02
3.454298833760079956e-01 -1.882122577062592950e-01 -1.656483591679041092e-02
2.919293978822727897e-01 -2.266968867093192008e-01 -9.098136332456105424e-02
3.801809845780348418e-01 -3.205673246086176986e-01 -9.798339326410976380e-02
2.771750629016613843e-01 -3.857151488469124923e-01 -4.744932778727466161e-02
1.880411550207057580e-01 -2.658490335304725671e-01 -2.768459523620669938e-02
1.226547543869930257e+00 -4.868677418098313336e-01 3.586399356647804182e-01
-4.008833073894944588e-01 -1.029259890663434540e-01 1.492748428822077145e-02
6.707518311735507499e-01 1.113642691349320396e-01 5.283312209545929505e-01
5.000734090558832667e-01 4.656638072791564609e-01 2.145904935231473243e-01
5.013472051952650999e-01 5.697674243757082646e-01 1.553729632749853429e-02
5.206793166893353142e-01 5.095867604798698380e-01 -2.941943882127506793e-02
6.284654961695183006e-01 3.660303782637029935e-01 -1.003498645529052324e-03
1.228305344594331772e-01 3.980615143626655694e-01 -3.158995223448611833e-01
4.547432346160604766e-01 3.717058927176641880e-01 -3.554724976544662574e-02
2.481578392694434865e-02 4.875266205862613944e-01 -9.979144182158530829e-02
-2.372282319942209394e-01 5.288873532667113242e-01 -1.148548242453449608e-01
-4.435986008451204277e-01 4.767687691056746169e-01 -2.434816456555879971e-02
-4.935918981631314262e-01 4.156122711381120549e-01 7.286667570390047144e-02
-5.077082261955028208e-01 2.954491527966078834e-01 5.547559309446663256e-02
-6.917524565649865176e-01 2.540205677447956445e-01 -8.589935581201141312e-02
-3.686839589729120070e-01 5.869303364726438654e-02 9.858818060163820896e-02
-3.852731526038294385e-01 2.089574547527894843e-02 1.482552021814860510e-02
-3.038453029574667563e-01 2.991172331850185107e-02 -1.042625737274308420e-02
-2.509882961859202788e-01 2.579826757531222814e-02 -9.747208838160950628e-04
-5.346957544079690428e-02 -8.682003101446966048e-03 3.724934406573349177e-02
-5.421713543656224432e-02 -1.026421767543232721e-02 1.037790714670583925e-01
-1.290751434099667305e-01 2.334815148887552094e-03 2.092662598024475074e-02
-1.528428303864975968e-01 -9.661716464525321735e-02 -4.164575892400515511e-02
-3.117154380591399820e-02 -2.465505135443465667e-01 -4.056292480547954438e-02
9.414307557588794118e-02 -2.391101150966507827e-01 -4.950645823101332277e-02
2.465314016254988860e-01 -1.057544582768902286e-01 -2.604664026565563228e-02
8.998623377402082957e-01 -2.641563807563863109e-01 -1.252491762106522355e-02
-8.532756913389697440e-01 6.411163899793924370e-02 -4.030857201601183437e-01
6.129479918220042123e-01 -5.136844681064106632e-02 1.771065934166054789e-01
-4.525746060932356318e-01 1.209106738504347467e-01 -7.008424060076871853e-02
-5.190878621452952313e-01 3.067628299528500913e-01 1.577765599122563089e-01
-6.281346357268290381e-01 5.811263722630884976e-01 8.340384565873623646e-02
-4.617287699551221869e-01 7.407377438890581089e-01 -1.439217953884203496e-02
-3.849322659578195416e-01 8.622239831399154397e-01 -3.494735768148335420e-02
-2.021442562756164685e-01 9.300434398171038008e-01 -1.328401296180763691e-01
1.891564021523055583e-01 9.097796947837955006e-01 -1.750158738569141392e-01
2.888288170459299975e-01 8.522058690164592276e-01 -3.570885490673489371e-02
3.161908694043466528e-01 7.251917823355429338e-01 -1.002627068471723115e-01
2.908685744805161733e-01 5.997756452485835110e-01 -1.348853921124075206e-01
3.616641839007471160e-01 4.475780796809422091e-01 -1.433719443040610275e-01
3.585627882731992622e-01 3.920219454029694739e-01 -2.174524563720083292e-01
3.154587941022691244e-01 3.013035794506715992e-01 -2.235622937231479257e-01
2.729781495496790833e-01 2.275965022229469725e-01 -1.666041926492643488e-01
2.181878312187626456e-01 1.811043024903984944e-01 -8.067026952675311613e-02
2.105997720346238777e-01 2.270844812183879791e-01 2.691853266133664713e-04
2.555745865528186167e-01 2.428906758129656673e-01 1.733852443193099196e-02
2.576845994070889878e-01 2.400095926538786673e-01 7.561611238839947152e-03
2.208084186246809522e-01 1.732732616780748025e-01 -6.040796157717184811e-02
2.107365012046724106e-01 6.424548403035860999e-02 -2.329659946683305949e-02
2.785893069055933591e-01 -3.799413268261438159e-02 3.656828585751577265e-02
4.983190862958013223e-02 -3.942090999247358646e-02 -1.029918189462030419e-02
6.808854551868848137e-01 -6.842811637775975120e-02 1.369775790154740547e-01
-2.138219589315337177e-01 -2.548526182173170562e-02 9.330140983693278878e-02
4.675250948514405036e-01 -3.171299794246718040e-01 5.794067092459826984e-01
-4.732760106340400119e-01 -1.634901762177012330e-01 1.459589427806090856e-01
-5.999223025488805566e-02 -3.258423248056747656e-01 2.434926072784914519e-01
-1.101121226708422912e-01 -4.748273429885807584e-02 2.733978807112912301e-01
5.845872366876395665e-01 1.210630242156169600e-01 2.774039485708135744e-01
6.277878309024729209e-01 4.281498349436138051e-01 4.259912701598954354e-02
6.407083077485044020e-01 6.497366746472680310e-01 -7.533053014122541302e-02
1.707153414961502802e-01 7.053148846330923316e-01 -2.831628495867328371e-02
-1.069626346419913915e-01 6.680935814282666918e-01 -2.566876223731719836e-02
-3.088971709638146934e-01 5.253644783432507293e-01 -8.857174470267524524e-02
-5.185746799509352023e-01 3.469385774866517447e-01 -1.573754377319528663e-01
-7.702634116190988367e-01 2.181722329142651573e-01 -1.392307391746178125e-01
-7.711127810230787860e-01 7.122966989076512379e-02 -5.668355793443063950e-02
-6.290882537079488523e-01 -3.121321932047738806e-02 -6.375982381965267232e-03
-4.337499050769186848e-01 -7.862619383474885038e-02 -2.922713403371213561e-02
-2.887061486737705351e-01 -6.507563763249450683e-02 -5.906809549734088477e-02
-1.575639260130203834e-01 -6.493109067184401652e-03 -4.167229656504542468e-02
-5.632305060451452128e-02 9.573985775018885314e-02 -3.661972828373937644e-02
-7.272202458364039612e-03 1.868770545585991538e-01 -5.733111211119960859e-02
1.022741920877498767e-01 2.504248434265050061e-01 -1.185113201032226976e-01
9.137411061300640402e-02 2.894717845615095708e-01 -1.372360445562938736e-01
1.243650600823325431e-01 3.228638640375144919e-01 -1.017097026762108503e-01
7.317887046186571931e-02 3.302945361648196299e-01 -1.058907171313527157e-01
-2.271628031103122280e-01 3.249857590160576404e-01 -2.640753589429018500e-01
1.354915523267336552e-01 9.924473874237763060e-02 1.625656976026898792e-01
-6.906085143362214462e-02 -2.915948071922432744e-02 -1.266913775299975398e-01
1.839368791659729274e-01 -1.245716935901067246e-01 -7.685759832817345982e-02
1.215318502215693708e-01 -8.285266294171626800e-02 -1.237545684457280470e-01
3.575465629003959367e-01 -1.125657718484861791e-01 -6.547871552854285515e-02
8.945778453805355301e-01 -5.200927427217177934e-01 -2.886342912277057859e-01
-9.782007443867383190e-01 -2.933722318544684793e-01 -3.634614513795920709e-01
1.612677333870066843e+00 -9.256134876244723753e-01 1.683244033953292806e-01
5.366347831468561980e-01 -8.884900150901464677e-01 -5.011654305656348951e-01
1.499053764993671656e-01 -6.195453664018100159e-01 -7.273454005237091347e-02
-1.723820876543520897e-01 -2.745935628189840050e-01 7.065451804593927965e-02
-1.556154001245810548e-01 -8.105069584054705456e-02 1.331310257672105868e-01
-4.087321815646080547e-02 -5.614316990225742821e-03 2.335123536780605302e-01
-6.071761910077339702e-02 2.308000305435020660e-02 2.022787931166898090e-01
1.872632012731480222e-01 -8.643527549665189214e-02 2.171902802515581210e-01
2.548844137847444680e-01 -3.787574371647169924e-01 1.198273112275438784e-01
6.665275470340192854e-02 -6.652825349396636057e-01 3.132016338883811951e-02
5.476617726772279315e-01 -8.685252169326789229e-01 1.172827833532255892e-01
3.648478776638838239e-01 -1.003600180890446669e+00 -8.277944947160775779e-02
4.356180276573943244e-01 -1.091708635971723185e+00 1.996789168606478704e-01
4.016396098643953416e-01 -1.076677172395023030e+00 3.298972146994185173e-01
1.527276539004385758e-01 -1.007126121029867871e+00 3.188670118817560906e-01
3.982355163113188157e-01 -1.062067768180144256e+00 8.035692562667546834e-01
2.326680748524059261e-01 -1.039984964847604276e+00 6.598062380467485388e-01
3.724884419488514453e-01 -1.105285050678433523e+00 9.338791566167917724e-01
2.000567273679084157e-01 -1.092478494115190157e+00 1.061967144775981309e+00
4.213792538026549239e-02 -1.170255602263310157e+00 1.160809274826396953e+00
-1.011901484764383963e-01 -1.296693312190978054e+00 1.237703108563402044e+00
-2.858742048224610643e-01 -1.410273834988522212e+00 1.203472315896336964e+00
-5.162972256467749377e-01 -1.426858684764924723e+00 1.118843537658127385e+00
-6.181345815250149922e-01 -1.386796305392804962e+00 9.939635824660586483e-01
-7.213358766174721159e-01 -1.319453727833285406e+00 9.104460105911551526e-01
-8.251014264600193826e-01 -1.217024246941428745e+00 8.033555303228393507e-01
-7.305572890909260986e-01 -1.069441975956104907e+00 6.733078813093009707e-01
-5.582250014929338588e-01 -8.208605811816163111e-01 6.268091757228773098e-01
-3.944561758394947715e-01 -5.359147467774694196e-01 6.832015288730864944e-01
-2.503683667780387534e-02 -3.066706396737522988e-01 6.794824752892900666e-01
1.374145655547097111e-01 -1.842024506539980677e-01 6.324082519721512252e-01
3.685074194480160714e-01 -1.574485279148738759e-01 5.536948139166584237e-01
4.712140829452533541e-01 -1.768865009015632150e-01 4.972905680885825741e-01
5.391396343966565752e-01 -1.732388148849053622e-01 4.017626503694851081e-01
5.760230122040747025e-01 -2.006631171440265149e-01 3.227894422535954599e-01
5.532590458935238154e-01 -1.901812132206364692e-01 2.718892717631842815e-01
5.346724308206788345e-01 -2.465241781641166197e-01 2.975896017904749447e-01
4.637073610211625563e-01 -2.604752417251077201e-01 3.084914344743399095e-01
4.295695051627523298e-01 -2.433239447951686674e-01 3.442056767596168854e-01
4.115269777227329451e-01 -2.018720498892133675e-01 4.093608164515996628e-01
3.805489345819182967e-01 -1.767149140288070963e-01 4.161136946873513209e-01
3.102685829718035415e-01 -1.771864898129962840e-01 3.722386356806854368e-01
2.439535962508520006e-01 -1.676931396497415294e-01 3.950303945833644192e-01
2.601694583721889109e-01 -1.472414412191112021e-01 3.720114792100384093e-01
2.842728332864400964e-01 -9.001440076414213287e-02 3.091647341828823725e-01
3.542086541746802819e-01 -2.452297318417567817e-02 2.769098691974881676e-01
3.120608932242408540e-01 3.277477299583733683e-02 2.517149062176500807e-01
3.088363957743116561e-01 2.851829435051562306e-02 2.088010621607804818e-01
3.060865029206280563e-01 3.904526319618075586e-02 7.551553183128201230e-02
2.646218590943861804e-01 -1.422969873871697370e-02 4.120849921116015446e-02
2.990278606516936222e-01 -3.065645750080212006e-02 1.385063726233778242e-02
1.662913972440592525e-01 -7.863496832034244655e-02 -9.661248848817229062e-02
1.262811499851592689e-01 -1.483063461427580609e-01 -6.747624081267533658e-02
5.965918481855608801e-02 -1.632216951443707931e-01 -7.508761851319738223e-02
6.393466390683123779e-02 -1.689648019957784020e-01 -4.648065578977920304e-02
4.948529298272664328e-02 -1.475912033463113171e-01 -3.571619246506394646e-02
5.987723078828995071e-02 -7.019289537856546191e-02 -8.038758455111490175e-03
3.167454684305950896e-02 1.005168285836486285e-02 -8.034775665921405768e-03
-3.284419915567038644e-03 7.964271899414931966e-02 -5.253181628344098797e-02
-3.441737170960808279e-02 1.203223515515426389e-01 -8.941354005803400784e-02
-4.744935902814510775e-02 1.471148861314124368e-01 -9.042433495116090902e-02
-5.938927899217177897e-02 1.988474893542940825e-01 -8.309474676105528534e-02
-6.547677124521252001e-02 3.062034938512556148e-01 -9.837150114533266265e-02
-1.187107882347637616e-01 4.466674350005942484e-01 -1.203330745168219307e-01
-2.020305811844271549e-01 6.209192325764607556e-01 -1.908425668239182582e-01
-2.468983834662833166e-01 8.576514681573965682e-01 -2.199421110342403285e-01
-3.046956921048298295e-01 1.174710056996012497e+00 -3.051829190947354387e-01
-4.496177246485350554e-01 1.476386957022157720e+00 -3.800271900045155693e-01
-5.672043116845062460e-01 1.527623468704656151e+00 -4.195559373137985881e-01
-5.210854998159311080e-01 1.257445344081272287e+00 -3.681150255720515574e-01
-3.620759064828430462e-01 8.206048550554134735e-01 -3.109606756265354544e-01
-2.088803509710069062e-01 3.938022280012393184e-01 -2.856301131559641493e-01
-9.013842791381380948e-02 1.337628798996458590e-01 -2.992262509008511429e-01
-8.656262865431854636e-02 3.653153040056186796e-02 -3.682436299748406694e-01
-9.794024615442202542e-02 -1.633510875373295201e-02 -4.508100549280317781e-01
-1.513986487251669788e-01 -4.867825233606201674e-02 -5.293987735891538815e-01
-2.405046316017844243e-01 -1.006535382295316028e-01 -6.346042999215859570e-01
-2.796050020075218079e-01 -1.672495732791814405e-01 -6.658110441253625167e-01
-2.932190186230093087e-01 -2.235867795867580443e-01 -6.847198112467478559e-01
-2.896945565848088044e-01 -2.365278974469303963e-01 -6.187935139377799265e-01
-2.989220560477026112e-01 -2.150760663040943155e-01 -5.291087328861348027e-01
-2.688540686231750132e-01 -1.897205017983353836e-01 -4.716159889106315561e-01
-2.279359911828129914e-01 -1.508883058443433456e-01 -4.213526318701860118e-01
-1.842913340924994814e-01 -1.148638365182913929e-01 -3.570104019488872238e-01
-1.532068988522351516e-01 -7.814308390270811866e-02 -2.942640437825446709e-01
-1.072644746054526171e-01 -2.825751567224475680e-02 -2.746833070585998904e-01
-5.982847139531699554e-02 -8.703834949297079016e-03 -2.446896111437409094e-01
-2.808907584532922830e-02 1.061273148063893168e-02 -2.230125529374416549e-01
-2.597766635788912107e-02 5.148424473112722666e-02 -1.954977241429260437e-01
-1.220460753619518127e-02 9.688623352655417742e-02 -1.843301984942387894e-01
-2.073400260466716494e-02 1.311516703898228109e-01 -1.586475831613861909e-01
-1.182445003835614836e-02 1.467272009644120245e-01 -1.613677003258070508e-01
1.276163449046580078e-02 1.438478757644193473e-01 -1.096319223000122856e-01
4.654056574641718402e-02 1.420632083216004649e-01 -4.426881895168393449e-02
7.448797907269452678e-02 1.600541204533328377e-01 -1.432798766665611088e-02
9.218565343831766623e-02 1.598899647873816554e-01 3.072601575254688827e-03
1.029878826017960741e-01 1.200088522420379722e-01 1.027454494113374910e-02
8.296198092751606856e-02 5.653883135833145945e-02 -6.481083490946365488e-03
4.757419164233622766e-02 -4.904410720746912866e-02 -1.930212410074449297e-02
4.965998807895853628e-02 -1.003567043481879695e-01 -3.209956903710840109e-02
2.784541561979394717e-02 -5.531934911230778490e-02 -7.116849002017359982e-02
2.605427535531718020e-02 -3.322291715880676399e-02 -1.288291944598287664e-01
4.205815485362245087e-02 -2.745297561088219651e-02 -1.593059711354757046e-01
6.802356997000157113e-02 -7.936524305369049848e-03 -1.790528507186819329e-01
3.808430500434477339e-02 1.965181330233928270e-02 -2.285530773480550781e-01
2.354310555800534846e-02 3.515067943504528170e-02 -2.880327856632631800e-01
1.058170827944946574e-02 3.760304114369208972e-02 -3.405846332391325171e-01
-3.431604073169416957e-02 8.259135346728035953e-02 -4.168633908391854992e-01
-8.858613680995799933e-02 1.095943149951143780e-01 -4.940131738160826735e-01
-1.007924865076790244e-01 1.203886274336486983e-01 -5.521477188735289809e-01
-8.401616013928578375e-02 1.027223458825434754e-01 -5.225748724305800952e-01
-7.583919803822319894e-02 6.547977350330910773e-02 -4.754235446934391707e-01
-4.382927504633787885e-02 6.053553351157614504e-02 -3.746890917939583177e-01
-1.329757123743529820e-02 6.739885727000063942e-02 -2.789585583915349387e-01
2.764346680908173759e-02 9.861425813521451644e-02 -1.818907821859493679e-01
2.183341131735593021e-02 1.311853001365427263e-01 -1.307210820194369683e-01
3.984985695354695961e-02 1.345138661750789333e-01 -3.925975167286217815e-02
1.383653460364696157e-02 1.302448816132176779e-01 4.182182769917682126e-03
6.765871657762701635e-03 1.413122062420148761e-01 8.825758545147800727e-02
-2.833532373478817035e-02 1.370751883810518157e-01 1.427828111333571126e-01
-5.993546239831882422e-02 1.428195307970828720e-01 1.474180612509904953e-01
-7.890686848976220802e-02 1.368265735895877744e-01 1.459162277639896588e-01
-8.147446093175193804e-02 1.153076357673962493e-01 1.456035089502101532e-01
-8.754302435420144302e-02 9.035651149659285064e-02 1.166191586450776030e-01
-1.028899771158533621e-01 8.507280565059184563e-02 9.139559945005996944e-02
-9.870775751095187123e-02 8.272427666098265686e-02 3.688680306120780544e-02
-5.546638113044950052e-02 5.989767027533476895e-02 1.676758926855594078e-02
-5.507659104618237850e-02 4.945237165108658933e-02 -1.421014541848155191e-02
-5.522393819726154063e-02 4.435269087722432113e-02 -4.361473726774496573e-02
-8.306167810704437326e-02 6.167514126487579074e-02 -1.120486410894811491e-01
-8.721311822630803401e-02 4.385415400861304713e-02 -8.605014143761106904e-02
-1.115608690660008367e-01 3.261032019925736575e-02 -1.234924724456536727e-01
-1.165674053921093856e-01 4.070933466225827579e-03 -1.076420560183852515e-01
