-1.776356839400250465e-15 0.000000000000000000e+00 9.882904196416507858e+00
6.829415370783986639e-02 -1.726444630117462964e-02 9.764737575879049558e+00
1.606864183129894652e-01 -2.148135542064100179e-02 9.697649766542255634e+00
2.265572586655180132e-01 -2.097394347292347305e-02 9.659078790130358527e+00
2.428479462433432712e-01 8.359419827787206714e-03 9.626271297164418428e+00
2.855557115734723705e-01 1.651049173446406115e-02 9.682579143716020909e+00
3.349831902584941012e-01 3.646164605062640618e-02 9.725333885362934083e+00
3.868791844121399759e-01 3.640846368704586666e-02 9.739016626624863449e+00
3.507357896810450182e-01 5.926299870786788659e-02 9.704538061685262562e+00
3.397571412190303342e-01 7.655406256281960253e-02 9.785383910179243472e+00
3.371421623460990613e-01 5.486906581596695531e-02 9.767021739158826321e+00
4.489960621967581389e-01 7.990876804028612668e-02 9.823941739173900345e+00
4.885347979651739614e-01 9.502888150566501935e-02 9.898709077495050579e+00
5.136156555632755971e-01 1.256040582174069442e-01 9.824719010538807140e+00
5.358288895497378412e-01 1.393479582106786907e-01 9.783971493843457878e+00
5.560520134996034258e-01 1.669016484624288310e-01 9.782166231474988649e+00
5.293216684929633598e-01 1.673540668218080896e-01 9.737535598077577959e+00
4.917211729177501933e-01 1.681239604537898558e-01 9.687848389449058573e+00
4.809317503751706635e-01 1.716940829375728228e-01 9.694103833449966956e+00
4.374989373654984970e-01 1.540167252795718866e-01 9.740262552033758681e+00
4.007284489271818462e-01 1.354136597996697944e-01 9.794752358261698433e+00
3.785931219828178040e-01 1.120674102541379114e-01 9.817809405670759659e+00
3.179155143433820552e-01 4.998081465620352049e-02 9.762493175238695642e+00
3.033760090755968086e-01 3.950622033440431835e-02 9.764560763534694487e+00
2.884753280676519704e-01 2.725030259138527811e-02 9.744725960113036933e+00
2.627044964911342539e-01 1.531186012096874549e-02 9.719834581460272460e+00
2.702861820520205960e-01 4.665520251826649201e-02 9.739520644459803478e+00
2.524728485106506604e-01 4.936957377893502752e-02 9.715543510731952992e+00
4.265469258553706844e-01 5.851084034838205383e-02 9.729344892513889675e+00
4.999220453450996526e-01 9.996377933179001474e-02 9.728151760708129814e+00
4.164745243663265928e-01 1.325040578927412227e-01 9.715951011236358070e+00
3.319608770619510985e-01 1.776924434356619287e-01 9.785778688108329959e+00
4.363343585100842859e-01 1.985989823692211331e-01 9.835790480849796680e+00
5.448238895719712538e-01 1.782939230284092957e-01 9.784208987035276195e+00
5.856617392879448492e-01 1.519556386253633207e-01 9.723877887548526999e+00
5.813279263168051880e-01 1.336122443107230495e-01 9.681179094648156180e+00
5.218894462243914845e-01 1.206641580471243813e-01 9.637601836331295857e+00
4.921323712096827840e-01 1.106341766156253570e-01 9.632590755304937247e+00
4.611216720088593402e-01 1.162219187512052443e-01 9.653789103516587033e+00
4.914953052259380950e-01 1.064651125100111173e-01 9.644963794277462199e+00
5.278221088110095494e-01 9.735623596324138873e-02 9.719396043594189294e+00
5.465393829395961411e-01 9.909484342788488220e-02 9.798131781256822492e+00
4.952928080527674304e-01 7.888440496897164422e-02 9.877674858992520512e+00
5.172881433629301640e-01 8.028884941064884373e-02 1.001145953020489721e+01
4.960384949690979095e-01 8.968821198652143778e-02 9.938811146972328814e+00
4.954623475653789910e-01 4.120788306708877968e-02 9.801619299940398378e+00
4.948310380060298996e-01 9.571529326560579420e-03 9.699445900465562431e+00
4.864078900814419182e-01 -1.735655083583154124e-02 9.647986641679526798e+00
4.998934093364193476e-01 -4.227456541679330826e-02 9.674132373066633761e+00
5.837833054096832619e-01 -6.978004793185466070e-02 9.719548981432192036e+00
6.243676283713344155e-01 -9.126557334380436259e-02 9.710822056915684897e+00
7.161255040751810519e-01 -1.163666274241093035e-01 9.671970876272428796e+00
8.360945717530732235e-01 -1.125941626760464942e-01 9.710289575626946501e+00
9.262240137788899652e-01 -1.221042679905206541e-01 9.732284353348541472e+00
1.041073108372579936e+00 -1.028195296871148301e-01 9.658386808020031467e+00
1.205392092070777466e+00 -7.867210258919676846e-02 9.648765023936919150e+00
1.287839914070825431e+00 -7.777024130331078311e-02 9.473432702550732998e+00
1.344818885906965633e+00 -3.675125584353811092e-02 9.298402171398745253e+00
1.486870055596348994e+00 3.678244299484667579e-02 9.361822126696930368e+00
1.600426404090223631e+00 1.163434957592341945e-01 9.305752220234017713e+00
1.772042274464101563e+00 2.303423728420250782e-01 9.432908623386511593e+00
1.946367875302131845e+00 3.212388092076698953e-01 9.535927281082512863e+00
2.027593140083336465e+00 4.642118238500749783e-01 9.778237306476192714e+00
1.911530244628769415e+00 4.543482205796358642e-01 9.387175448450859605e+00
2.148267073191632015e+00 5.470550765840194174e-01 1.002872143274098349e+01
2.273763829276769677e+00 6.973295187227108727e-01 1.040291769077947670e+01
2.199646105288796782e+00 6.963906265485420022e-01 9.872427437416298801e+00
2.199145364123883617e+00 7.869861043844905701e-01 9.518228190641320197e+00
2.184081469926793417e+00 8.539026551103279239e-01 9.295040859460595328e+00
2.217958256030488684e+00 8.582550260425976241e-01 9.065324400891444867e+00
2.153788637656539606e+00 7.960889298206885734e-01 8.836944519467378356e+00
2.200458837914983867e+00 8.118065287395785923e-01 8.840177029492375382e+00
2.273717454311617647e+00 7.352349692747197629e-01 8.888197070629077601e+00
2.314174537375209617e+00 6.900521291016588066e-01 8.979772397578431153e+00
2.303728238263979211e+00 5.621619000904440888e-01 9.027781817355572613e+00
2.177176210311649207e+00 5.103202662383501398e-01 9.141445279183454176e+00
2.084246991030830110e+00 3.987192352427091357e-01 9.241860184105817666e+00
2.062618702284771732e+00 3.262744447555601113e-01 9.339708527102466462e+00
1.959110454003879065e+00 3.377653078696916111e-01 9.351937353526670549e+00
1.757989857289599778e+00 2.787775872038764646e-01 9.324850049232143334e+00
1.623854398873432192e+00 2.585933341986477174e-01 9.400236382258132295e+00
1.493755698649370522e+00 2.235160099876161155e-01 9.375855952971427598e+00
1.405015357227883621e+00 1.417468655370077713e-01 9.644083288340537408e+00
1.299558941596154815e+00 6.031847700135628543e-02 1.004377667449997169e+01
1.152919742273664783e+00 -9.060533365617295942e-03 1.029494837147150399e+01
8.704556251121897681e-01 -2.247935341572837586e-01 1.052127221087338960e+01
5.604716865688414984e-01 -5.274300051820093316e-01 1.094730898442217182e+01
8.037856571389607740e-01 -8.300058800490681676e-01 1.241291350099676194e+01
4.667199551028871074e-01 -9.495155884902359844e-01 1.169545870129071830e+01
9.093399457263857677e-01 -1.266183812307291490e+00 1.352017959060338725e+01
8.120993855972578057e-01 -1.923635087668157162e+00 1.415376162699815588e+01
-6.820705048757949029e-01 -2.470559623660543380e+00 1.327640076595621288e+01
-2.173707649768561456e+00 -3.102234951420129505e+00 1.095007009873863879e+01
-2.336526177403180249e+00 -3.461030444590312172e+00 1.070981747463297040e+01
-2.412803283601990589e+00 -3.682233534617868287e+00 1.016440663034749292e+01
-2.364515119484322359e+00 -3.582748120549349213e+00 9.690059468471551085e+00
-1.922085332576876970e+00 -3.378274619860867301e+00 9.585226084193305240e+00
-1.566563251438978455e+00 -3.038494281902974326e+00 9.527150012626801612e+00
-1.290397809083394076e+00 -2.704804710777735988e+00 9.146811113117694347e+00
-1.017434101218308573e+00 -2.356776226972388866e+00 8.853145818404998479e+00
-6.889289105751736919e-01 -1.926464495068302973e+00 8.192704643929008768e+00
-5.102186788417844010e-01 -1.739498999688168013e+00 7.609985305482909190e+00
-2.277572025786087639e-01 -1.421372223402842749e+00 7.187070344063318572e+00
1.042000669455733775e-02 -1.217147099242039676e+00 7.031673572943867967e+00
1.766887589113614876e-01 -1.069578944694713929e+00 6.969274811147148085e+00
4.127403215956392257e-01 -9.699169330013543977e-01 7.059981240111930845e+00
6.760268902847594852e-01 -9.493760352713089823e-01 7.256970779522916359e+00
8.903916804535496610e-01 -9.584935962903968765e-01 7.307995233091317822e+00
1.149580863658843155e+00 -1.042143138268990299e+00 7.281533060728781592e+00
1.314194443421106140e+00 -1.060615761781651845e+00 7.403963550511401870e+00
1.268208937442212747e+00 -1.183681607836331029e+00 7.460196716229787306e+00
1.392623565230203253e+00 -1.296717969228645018e+00 7.989315615303106632e+00
1.466114434740737993e+00 -1.423846528417067603e+00 8.467951696327364886e+00
1.634561613660060253e+00 -1.549161311206448399e+00 9.286159780727398783e+00
1.830339573467552716e+00 -1.566959634747350893e+00 1.015452152213978465e+01
1.830565446499503590e+00 -1.613657511416420220e+00 1.054027093747696142e+01
2.052920818865893615e+00 -1.559523942104411809e+00 1.166119405406629639e+01
1.692446065889154472e+00 -1.412570262889397021e+00 1.224551937908441523e+01
1.325836365920048721e+00 -1.991697197087282767e+00 1.169732814310911806e+01
2.877939997728199639e+00 -2.030444715914358156e+00 1.748507312178100648e+01
8.462652132636752089e-01 -6.515374446555899368e-01 1.480982363326489626e+01
-7.437688901515524531e-01 -1.036022170047985469e+00 1.088096690598780469e+01
-1.963197084118510238e+00 -2.714236434825005873e-01 1.009397391458865911e+01
-1.762869116606294195e+00 -1.635978142316751871e-02 1.094728212181966853e+01
-2.117396480113845847e+00 1.215212564488428626e+00 1.191439911795777284e+01
-1.648679972918931869e+00 1.585556133714784544e+00 1.145952593453553092e+01
-1.270934842051480107e+00 2.219827716425933239e+00 1.156449040995472544e+01
-8.355885051193951973e-01 2.357540635337408652e+00 1.127875482007013019e+01
-4.534022106629413962e-01 2.294108800683221538e+00 1.110471858748895713e+01
-3.428130899110235497e-01 1.860123620514111398e+00 1.017658914657249802e+01
-2.006225683049754904e-01 1.294058592525996421e+00 9.026270780186818499e+00
-1.524640149494487229e-01 6.166634965279986780e-01 7.922330772222362150e+00
-6.846370962751091582e-03 1.520271437264510972e-01 7.222322673545610527e+00
1.572329631668806238e-01 -2.489802919883943311e-01 6.780339253542122968e+00
1.523071600437608808e-01 -4.824758996027203040e-01 6.652027046681631361e+00
1.884826482688010119e-01 -5.993094375270562324e-01 6.477470893977801403e+00
1.095695111665124788e-01 -7.953310227512502273e-01 6.390466747899185229e+00
3.599281545131127746e-01 -6.327766490589099568e-01 6.691586313452705603e+00
3.120019980329047371e-01 -8.249112889052243602e-01 6.550190994215603801e+00
-6.384267000580212681e-02 -3.500931978489538743e-01 7.481149564338655189e+00
-1.929572977296629688e-01 -3.843570793915418449e-01 7.347564473185620670e+00
-3.688071808268598151e-01 -1.894818706007574960e-01 9.087562153956040945e+00
2.086294587863530836e-01 -5.645362120971979536e-01 9.256888896297205349e+00
-2.064069406301218823e-01 -7.373734056955427718e-01 9.937137916579080965e+00
1.354933746406277173e-01 -8.438275750099997197e-01 1.171863028748762225e+01
5.795611275285494912e-04 -9.836237117371862126e-01 1.164713327450451530e+01
-4.106601829935556669e-01 -1.129793734520347925e+00 1.172312975294790149e+01
-4.902533228331862336e-01 -1.692213345056565288e+00 1.280457151306850605e+01
8.445406961734771567e-01 5.575327003591921127e-01 1.716827584434820153e+01
-5.633009229934133888e-01 -2.593875436505151733e+00 1.201202673963965317e+01
-2.165524458181609990e+00 -8.402337391801761868e-01 1.248517679863491381e+01
-2.718830863163177902e+00 -1.113221340878488341e+00 1.173864635658022060e+01
-2.578469845270783711e+00 -1.460285589619995328e+00 1.173404838020972285e+01
-2.750327693423105124e+00 -1.530864689013065494e+00 1.174550421925874133e+01
-3.037818376967518663e+00 -2.507307913692861767e+00 1.060352776863198621e+01
-2.810519289404247445e+00 -2.981264256403708401e+00 1.014654705057589013e+01
-2.711944456897240396e+00 -3.028358271814832747e+00 9.437547259976717839e+00
-2.457696598201206228e+00 -3.270780687626851702e+00 8.644924482280828215e+00
-2.414089898666534673e+00 -3.054320242230980309e+00 8.041258612928656291e+00
-2.428478961183746954e+00 -2.607464746175976344e+00 7.744683229999943741e+00
-2.164904269271698212e+00 -2.253401045780768275e+00 7.319087954346042757e+00
-1.844203535529004290e+00 -1.856020834793102203e+00 6.943901975948267413e+00
-1.635127893164520563e+00 -1.570700489097179631e+00 6.753996485906935909e+00
-1.171902497526136955e+00 -1.599337380276462550e+00 6.144669807514918425e+00
-8.715735130463757585e-01 -1.455412007222190329e+00 6.056303478935849860e+00
-5.702581598171336807e-01 -1.529246040770106063e+00 5.901363205461254147e+00
-3.159755706062190583e-01 -1.464076239284052061e+00 6.018794792981228881e+00
5.382049529558319279e-02 -1.526713460855902760e+00 6.457742148957214212e+00
2.408473499956093056e-01 -1.730199458349199304e+00 7.062295197374946376e+00
3.647373402183540225e-01 -2.028841213868529891e+00 8.054612547412192569e+00
5.141008850646651140e-01 -2.239495092256319708e+00 8.908040705279113070e+00
8.048810797961917229e-01 -2.617001654273367173e+00 9.574207341444544994e+00
9.974373167097076998e-01 -3.186987034344761049e+00 1.058948713839737188e+01
1.185947766440203388e+00 -3.277468919144854276e+00 1.173381559039812139e+01
9.372719289607565063e-01 -3.480279711242496354e+00 1.084000743096701136e+01
1.076610476019546514e+00 -4.242913119107099895e+00 1.491180731812126226e+01
1.180534600430989345e+00 -1.347183819910581448e+00 1.579246395014202342e+01
4.087139202495655432e-01 -3.117903184404059225e+00 1.274300759545827511e+01
-1.255427110490390685e+00 -2.067927855912368607e+00 1.059628181135436975e+01
-1.060502873971196136e+00 -9.315515498218092105e-01 1.183205902765809370e+01
1.146756144403835442e-01 -2.724016471551493623e-02 1.278445645959909349e+01
6.383337960151449497e-01 1.001635346579128338e+00 1.285204355236836271e+01
8.953450148659467533e-01 1.439012871821350181e+00 1.191548186936782017e+01
6.016837636848617610e-01 2.011123978560653391e+00 1.180915362557395021e+01
3.737841406130395505e-01 1.938244951842133190e+00 1.037171340143790488e+01
9.272438400636628941e-02 2.067934757024117332e+00 8.992437598170822000e+00
2.271273637094086695e-01 2.062005775583580114e+00 7.860123822037627050e+00
3.409469002912325353e-01 1.716527694313209729e+00 7.077342159071481120e+00
3.592839179757638668e-01 1.201274805274447743e+00 6.723872667582264206e+00
5.193237219458535225e-01 5.749797020898075317e-01 5.576911367163999600e+00
-6.348270545372036722e-02 2.250324031689223681e-01 5.960309731360720065e+00
1.786469807916850616e-01 1.176125616535790286e-01 6.047601224070606740e+00
2.080156501416463577e-03 2.087743527229135587e-01 6.507913723448019105e+00
-4.772268637592812501e-01 2.104900056830327770e-01 6.580098731979790116e+00
-1.189934524394353321e+00 2.332164932582880823e-01 6.856828036175378394e+00
-1.344078649537444825e+00 1.492891049210891552e-01 8.194680974555293318e+00
-1.310249617944703182e+00 3.041914532175926666e-02 1.034873529756117883e+01
-1.404837223599125107e+00 -2.277153581639241864e-01 1.158276049096395610e+01
-1.567890641493806969e+00 -6.474824558690919218e-01 1.236567614860278930e+01
-1.642965342395877881e+00 -1.248632814505163502e+00 1.305153441950879944e+01
-2.266848224292589364e+00 -2.195139666421966673e+00 1.145389486581191107e+01
-2.782953583874761883e+00 -3.069120726388828047e+00 1.162816805415926602e+01
-1.287218615754870399e-02 -2.520841992482126592e+00 1.876487612548807604e+01
-1.863279107749752583e+00 -4.553304314703973787e+00 1.209378651478681732e+01
-4.062619773540060208e+00 -2.972970319184061072e+00 9.714588745863201424e+00
-3.615018897322021196e+00 -2.221134535370295815e+00 1.087970665611605803e+01
-2.921657613031269918e+00 -2.843552085597520040e+00 1.165543135823841858e+01
-3.133549662694996130e+00 -3.674477747348869450e+00 1.090889631657098846e+01
-3.278400438765257885e+00 -4.257979661739760502e+00 1.036245991521397336e+01
-3.292131719906536969e+00 -4.328358202423675749e+00 9.152042579735244487e+00
-2.712262204147038780e+00 -4.287654574367222082e+00 8.456873307182229738e+00
-2.708166929588139205e+00 -3.451894635098495367e+00 8.562843041436025260e+00
-2.308842242459968386e+00 -2.524376011514514850e+00 8.476804897221565938e+00
-2.104316998177722553e+00 -2.263775672899364544e+00 8.272459594985479114e+00
-1.402545137705563771e+00 -1.990801352963097237e+00 7.744329647455729493e+00
-1.212943127569806157e+00 -2.092269965280992405e+00 6.894667548055761763e+00
-1.486657693342883668e+00 -2.200029333975229928e+00 6.731288637937978159e+00
-5.571269220927159704e-01 -2.540446422846067254e+00 5.775898633656075809e+00
-3.925237455925202346e-01 -2.729449034176046673e+00 5.994773905997411667e+00
3.262802616050969329e-02 -3.555513556786007001e+00 5.653100997360456681e+00
7.685107734993357198e-02 -3.846371110676151339e+00 5.912955757292884584e+00
5.527806576865773591e-02 -4.231017727522885963e+00 5.686455633377521579e+00
-1.615447609033699439e-01 -4.426325621547680278e+00 6.439966421132116814e+00
-2.471624610320215520e-01 -4.713756786076886307e+00 6.987526647347523046e+00
-1.753335424995539071e-01 -4.985420249987022601e+00 7.911808645637979254e+00
-4.118575789390172548e-01 -5.076783247158314083e+00 7.709826908282192193e+00
-2.918269981560916992e-01 -5.215995519095383059e+00 9.081366630149569019e+00
-5.148646897539741474e-01 -5.036919699284384322e+00 9.194860918599284005e+00
-1.109618855259798309e+00 -4.813921324898242204e+00 9.797301037415760305e+00
-1.507250631356906290e+00 -4.226950700807767802e+00 1.064630593909459932e+01
1.090685603017226724e+00 -5.674019443168221599e+00 1.879060304536615789e+01
-2.272472755560809077e+00 -3.713951970636080624e+00 1.213726044063685094e+01
-2.406606625136050503e+00 -2.929498200107886419e+00 1.114093219009746605e+01
-1.908993660107834112e+00 -3.214559975934451419e+00 1.059458703266268742e+01
-8.591490947988433824e-02 -2.580876093200038746e+00 1.368240516096258474e+01
4.812259186051575099e-01 -2.226494261924856666e+00 1.226136821441895108e+01
9.217426054402317881e-01 -1.622853812236807691e+00 1.130588039495065900e+01
1.216324930646166091e+00 -4.238393078277162829e-01 1.186021135725286157e+01
8.941800230657601656e-01 5.170016463839903764e-01 1.037126039297733193e+01
2.471548551806568295e-01 1.356732781820653599e+00 8.969197230605358229e+00
-8.653929958167994041e-02 1.525922375340489356e+00 8.054070158612050889e+00
-3.789080885478390837e-02 1.535547410492462017e+00 7.928627440272890681e+00
-6.333920943118298563e-02 1.234369522418036880e+00 7.484378834160128058e+00
-5.902199607829095029e-02 1.061504244369183780e+00 7.097696443789221377e+00
1.505376829320997922e-01 7.085217016472218354e-01 7.204965871472978733e+00
-1.996427296967129283e-01 4.020338253079556168e-01 7.389140920945376223e+00
3.049956573891641209e-01 -1.506662517528800649e-02 6.734933329179554562e+00
-2.133233937612097897e-01 1.737107054933471062e-01 7.584349468122182358e+00
8.926087254399173165e-02 1.425762537143389075e-01 7.694485111430619639e+00
-5.049429984353848155e-02 5.502540039767116475e-01 8.716843530165430565e+00
-1.968920076662183938e-01 7.582790599427289280e-01 9.921242014501741480e+00
-6.314874583505603045e-01 9.474055227383724187e-01 1.108326933123998259e+01
-8.101515142668695990e-01 7.818151613419086488e-01 1.187592212521419377e+01
-7.504054477619073182e-01 2.767815251870295867e-01 1.189186028280426122e+01
-3.458385993371289047e-01 7.509753051598888618e-02 1.209015859115603142e+01
6.990838568511481554e-02 -4.153173514807910749e-01 1.160914812383229666e+01
-9.755845575900257138e-02 -6.812201718995005706e-01 1.118722897002779604e+01
1.392605962763523664e+00 -1.912579019314947892e+00 1.639990837462291040e+01
-1.492456700929087887e-01 1.614390968051928610e-01 1.520248705170753567e+01
-1.718765255756094401e+00 -1.466613255182027231e+00 8.596680619264745360e+00
-2.476139660379608642e+00 -1.932067509183008625e-01 9.092324826177337727e+00
-2.284884017057550842e+00 4.319841293793702519e-01 1.202998226510364965e+01
-2.240153927282631852e+00 -6.648696873298645116e-01 1.034854056263278643e+01
-2.551755855270211093e+00 -5.618826837269743635e-01 1.101789440372755635e+01
-2.535244921125385797e+00 -1.167962428077298220e+00 1.010421226768082903e+01
-2.566997022064190226e+00 -1.162183167488357149e+00 9.450179696336697077e+00
-2.165365240332962848e+00 -1.208388315048616768e+00 9.106140114831406507e+00
-1.596973637042327976e+00 -7.714743448465091191e-01 9.582733262756271131e+00
-1.204036447377676566e+00 -6.952831064049984633e-01 9.242334967905673437e+00
-7.970806124915582602e-01 -3.146554308198670213e-01 9.319944982818709533e+00
-6.635550365291797981e-01 -2.350945194659281867e-02 9.449045817218950205e+00
6.806257625347722495e-02 -1.379320675829731613e-01 9.210916362276615033e+00
4.874973506505967391e-01 -3.740978580712557289e-01 9.003163133046639288e+00
1.000075047239138870e+00 -3.436089744412775815e-01 8.467419853741164459e+00
1.010609250735517772e+00 -5.982911075750774188e-01 8.045438098452960318e+00
8.256889086349157303e-01 -8.656600857700036400e-01 7.767717545464173590e+00
7.024298285400547570e-01 -9.136282782692588533e-01 7.733615463218024288e+00
7.291104870499079960e-01 -8.557400558029959470e-01 7.533858396251227774e+00
7.798494569154930112e-01 -7.933242499978749862e-01 7.204248602271018598e+00
8.739566151350840473e-01 -7.438458421281413102e-01 7.289179009902850837e+00
9.364291188872115868e-01 -8.947012956375588466e-01 8.021005640272646176e+00
8.584911285876380971e-01 -1.051689639241038865e+00 8.069751084990068435e+00
7.410717341996783114e-01 -1.294889843511299876e+00 8.845673859437027886e+00
1.176746925392514687e+00 -1.393376839103167342e+00 9.644193923991682738e+00
7.904815767695764217e-01 -1.393464676437953464e+00 9.580379518691604090e+00
1.080314976822568385e+00 -1.817756393654215152e+00 1.211814901277422862e+01
1.540881120643553759e+00 -1.515974317180685205e+00 1.595153944462815154e+01
-4.417486589417904952e-01 -1.162613577222344929e+00 1.063698412077823896e+01
-1.017507923036207851e+00 -1.194383483943843416e+00 1.118296925735373293e+01
-2.376628482509013374e-01 6.599277109993213486e-01 1.460415062841425460e+01
-5.847728043100497430e-02 2.737300792331920363e-01 1.228099225551491891e+01
7.671484438770592718e-02 1.126911078862548266e+00 1.226146250632409007e+01
4.341522371521304713e-01 1.451730777007175455e+00 1.205172448592482226e+01
2.969514462086724205e-01 1.805507285751888347e+00 1.180185553233136453e+01
2.798486001737492401e-01 1.625610036251526225e+00 1.092448166701583467e+01
-1.472077113834424633e-01 1.507052578169914892e+00 9.693504372513052303e+00
-5.990972933249750776e-01 1.155068810272145363e+00 8.466811669429596066e+00
-6.272266297169317717e-01 6.530516680681124342e-01 7.333156644219349651e+00
-5.623421246195952072e-01 5.296742739686375323e-01 7.074555130539525116e+00
-4.969491447196081602e-01 3.867695132072985764e-01 6.903883455922604995e+00
-4.928643652870379199e-02 3.688261362846190217e-01 6.559584660813188250e+00
-5.294253887336541897e-02 3.562783921190928460e-01 6.510170669505038532e+00
1.014102993480407999e-01 3.606597564792801691e-01 6.069289494516425520e+00
2.121235034854530577e-01 4.217373297996589443e-01 6.576479286840681837e+00
2.388161685228767928e-01 3.871579520010839381e-01 6.968731493506576946e+00
3.642687522094703034e-01 3.071667025897233394e-01 8.315545555028421632e+00
5.930234071155131570e-01 5.136618085214514906e-01 1.004158841230951005e+01
6.932360214674377907e-01 5.178009839387875957e-01 1.112590472273216946e+01
1.603577428648312875e-01 5.068954314313112164e-01 1.086004447905322223e+01
3.250682897023720042e-01 7.773155021058268943e-01 1.206081449211395196e+01
3.161607163806878784e-01 7.937305593765104916e-01 1.325395182425025098e+01
-1.033599884499671884e-01 6.485380653575614218e-01 1.297537466439512599e+01
9.400599241822695795e-01 -7.311527830992252674e-01 1.612849708570041685e+01
1.974838142694266274e-01 5.657641911853170669e-01 1.613164941679467645e+01
2.468308722196690397e-01 -1.366615713861090597e+00 1.285927435207326219e+01
-1.221819056409514381e+00 -2.118897828296534946e+00 9.483787823833512931e+00
-6.535955714566825669e-01 -2.480514140736761242e+00 1.178297748842584625e+01
-1.346534591024534322e+00 -2.839086476767020528e+00 1.149166254416766542e+01
-1.765667487533634228e+00 -2.876723650491323170e+00 1.110059319953945156e+01
-2.029061430764317997e+00 -3.015044007903839862e+00 1.020831326594872834e+01
-2.250794915675204066e+00 -2.703964699293525342e+00 9.723848586860770027e+00
-2.337506647362891155e+00 -2.207993304807718715e+00 8.884837766112591240e+00
-2.024700383213588140e+00 -1.568256507688885470e+00 8.502229879625534892e+00
-1.535712010549760587e+00 -1.050451849314055774e+00 8.103762825547148552e+00
-1.170237029361483216e+00 -6.919408435207974328e-01 7.568838496402796601e+00
-9.131528364321866986e-01 -5.705210963847386907e-01 6.939352488355510218e+00
-6.460041561349522121e-01 -3.844825310975177324e-01 7.059587456573239272e+00
6.547169302098510002e-02 -4.306353118679853154e-01 6.829123035967819888e+00
3.146084726772315765e-01 -9.607653966641640508e-01 6.209346560985499863e+00
1.821084327280863002e-01 -8.763979980109515289e-01 6.919536976503031234e+00
4.723338191705281908e-01 -1.171002943903887594e+00 6.785563882858242302e+00
5.106107869918578013e-01 -1.413189996133559667e+00 7.179577321003068668e+00
5.922969845630313701e-01 -1.675440540229189867e+00 7.175414948253171055e+00
6.277135505274915594e-01 -1.730499332395604384e+00 7.474496544822503807e+00
9.096544001170224769e-01 -1.598119876275315931e+00 8.845841940178475582e+00
1.022176478813463740e+00 -1.683706655789931617e+00 9.486590175108663203e+00
8.881967956268245201e-01 -1.558773501633623049e+00 1.032092756132766986e+01
9.086562182326389792e-01 -1.404597621087492421e+00 1.157307259943246791e+01
7.130493724850666126e-01 -1.252329277029846644e+00 1.191981229624785499e+01
3.001947000584268554e-01 -1.299914506548586424e+00 1.149783924136858992e+01
1.233932639981494273e-01 -1.208585413631189098e+00 1.231963287766659931e+01
2.325292428322004668e+00 -5.406969215382062544e-01 2.013110516687358853e+01
-8.805704715131191795e-01 -2.153629393047106433e+00 9.370443514112272609e+00
-2.013055274169869957e+00 -7.058498112691680149e-01 1.031970693342505463e+01
-2.150679004700943864e+00 -4.257222699949574363e-01 1.004353875675117713e+01
-2.538057193818459734e+00 7.288660971892468865e-01 1.277901898439858641e+01
-2.297423450527130928e+00 1.101841811488271539e+00 1.328328244505654077e+01
-2.200133278940021864e+00 1.779595857651120383e+00 1.386914763308825727e+01
-2.086689331680145809e+00 1.697091531353657423e+00 1.243254926061622356e+01
-2.050996871213572881e+00 1.499985334106501256e+00 1.077624034354229643e+01
-1.999409126733426856e+00 1.168443594260390128e+00 8.806924189602744590e+00
-1.793313208215648658e+00 7.845448381753081790e-01 7.182445312364986734e+00
-1.504309806376895819e+00 4.028266520516323723e-01 6.047275016133148107e+00
-1.151920272270948287e+00 3.834508655814516942e-02 5.426967808284481443e+00
-8.024131280383505205e-01 -1.217130565154875832e-01 5.175360396932600082e+00
-5.403190636552041015e-01 -2.854372718927571384e-01 5.273037381955790970e+00
-3.804231843826975101e-01 -3.076676067359698230e-01 5.472948245573631354e+00
-1.282740637871058187e-01 -2.644162443297646270e-01 5.435613044986562947e+00
-6.641654590848367068e-02 -1.010584094131816713e-01 6.149057732181204550e+00
8.618441871907311924e-02 -1.285306975985065492e-01 7.040975329028920093e+00
-6.759417951281698755e-02 -2.677135463121000925e-01 8.273048162404773365e+00
-9.040674252166491787e-02 -3.570671867658639087e-01 9.286057497040751230e+00
-3.829544873319143949e-01 -1.457260049097826027e-01 1.098205263227555228e+01
-8.045340273377650231e-01 -2.330423762885018846e-01 1.163648568892818602e+01
-1.088977932822706274e+00 -2.222512060337926698e-01 1.259195094393540337e+01
-1.773795433154006229e+00 -2.189526009786701977e-01 1.228923082312134341e+01
-2.569597357132097137e+00 -5.616192519436280506e-01 1.125327003808253323e+01
7.409446263923169518e-01 -6.507988061982317163e-01 2.071957304189131577e+01
-3.901426173719096724e+00 -1.431487108068997927e+00 8.425341374840419562e+00
-1.836203051109919659e+00 -3.852261982179241429e-01 1.228743444783011718e+01
-9.164491291275629337e-01 -1.920265130874954096e+00 1.227026717855854798e+01
-9.615386901358817795e-01 -1.269228615785191749e+00 1.383979298972631966e+01
-1.048070646826061436e+00 -2.598757660763299171e+00 1.211271747801469800e+01
-1.401460546857421940e+00 -2.862370826581559946e+00 1.148859776839153390e+01
-1.771379179153592887e+00 -2.815225537822243052e+00 9.571211462977592177e+00
-1.920009713228356896e+00 -2.912836322406156420e+00 7.743620932312811789e+00
-2.346676598221031806e+00 -2.193337226881494573e+00 7.292182885277739501e+00
-2.096955938022480925e+00 -1.772885349812246769e+00 6.595670456176184970e+00
-2.049029231888074509e+00 -1.130752908599649054e+00 6.680806342860089231e+00
-1.464876704930550222e+00 -6.077928433477723935e-01 6.373509309246204957e+00
-1.424197501933504029e+00 -1.296373200346234711e-01 6.903667006897248548e+00
-1.080758907226744281e+00 -6.765387378771414717e-02 6.583070162603355868e+00
-8.824189649296864113e-01 1.127513823268553317e-01 6.691400194551272662e+00
-7.977755774880036510e-01 1.444387977016536873e-01 6.693820835429655780e+00
-7.520895312446269632e-01 1.130565924833981661e-01 6.808983544512447139e+00
-7.879220845516748950e-01 -1.085625689262803562e-02 7.046609590235580534e+00
-7.676880018347599366e-01 -2.618410982874017634e-01 7.326168291471374161e+00
-8.795511288076822698e-01 -3.560882500659152683e-01 8.178614954886439747e+00
-8.703407644803664578e-01 -6.890122454887617209e-01 9.006637138954989297e+00
-1.224436204150749496e+00 -3.446913253474965799e-01 1.002975471980711397e+01
-1.596064320326067154e+00 -4.727325295588080678e-01 1.093633376760388742e+01
-2.576112444410110669e+00 -1.782896390659978181e-01 1.125743132572538130e+01
-3.405079731564470968e+00 -8.484742287024449325e-02 1.115423487668585700e+01
-3.304169067691533179e+00 -5.366287805878826589e-01 1.375375741659900974e+01
-4.131598549397238251e+00 2.447013857317960728e+00 1.653096617252635525e+01
-4.381881395778068011e+00 -3.277969035966954436e-01 1.101720823784035908e+01
-5.607616281181400097e+00 4.295790903030622943e-01 9.848371848730819167e+00
-5.315770919975923547e+00 1.207997935324906180e+00 1.156082716032400270e+01
-5.257658585550286645e+00 1.164590784229798004e+00 1.103966054027393717e+01
-5.248784258311099293e+00 1.965761722207840734e+00 1.077231388199963646e+01
-4.835249318544160069e+00 1.728818388621687241e+00 1.043041911804582078e+01
-4.615581066622290507e+00 1.732790718745088832e+00 9.974652435537127104e+00
-4.392096520898072676e+00 1.570674331643406418e+00 9.601828277327740579e+00
-4.301809237024565746e+00 1.321526764703720325e+00 8.987977105932115407e+00
-4.084179643952258409e+00 9.467203741175795884e-01 8.061476057143732277e+00
-3.810407687918098141e+00 5.917411377595600541e-01 7.456725624961246801e+00
-3.592191601226457198e+00 3.443046231473587682e-01 6.897972024822911052e+00
-3.279248853525770890e+00 -3.883358547432669283e-02 6.625493042487187623e+00
-3.325968887822630560e+00 1.140059586715325146e-01 6.678104641080901516e+00
-3.432447529921728968e+00 -1.440077336768923466e-01 6.578153534796561175e+00
-3.191853726684082737e+00 -1.782311431003091862e-01 6.487198910119843731e+00
-3.424055342575524019e+00 6.947006238162911629e-02 6.833196576282779766e+00
-3.673947384736410360e+00 -1.184468272635941233e-02 6.417759610217308008e+00
-3.818891730492105729e+00 4.015634850416693880e-02 6.492484887054635223e+00
-3.898394870385978095e+00 4.303087777747807152e-01 7.690134011288963123e+00
-3.691410340999772721e+00 4.165549908870627149e-01 8.376985026102234499e+00
-3.817756101330590734e+00 4.940560748834874616e-01 8.205067408742038992e+00
-3.630400808915708488e+00 3.164365654554988083e-01 8.883872390291742249e+00
-3.979512554537916635e+00 3.833674943603098129e-01 8.626800706490211468e+00
-4.133615835778838843e+00 4.311712807577983142e-01 9.143759437221055109e+00
-4.702667895430113099e+00 2.347073642680514993e-01 9.918911126294977620e+00
-4.021490174012948060e+00 -7.701635908351036619e-01 1.482506295159013376e+01
-6.574706624216404727e+00 -5.114294625147079998e-01 9.799002704356546190e+00
-4.883755034440172338e+00 2.522526716256390245e-02 1.485947323788050412e+01
-5.917346323787518791e+00 -1.872868144146624836e+00 1.064988658787614106e+01
-6.079481749708486760e+00 -1.615404037403826543e+00 1.118585663298926391e+01
-6.028273366672930678e+00 -1.888074009972602774e+00 1.002195640529436638e+01
-5.205055278533659013e+00 -2.311572296935939352e+00 8.994202090283508255e+00
-4.410591966472980019e+00 -2.382791384968802273e+00 8.929671369829266681e+00
-4.309599390064136948e+00 -2.464616417212547983e+00 8.901443638258809798e+00
-4.203966707537627912e+00 -3.235869108953106643e+00 7.291435853839987047e+00
-4.702699254997877887e+00 -3.211638745139909101e+00 7.197677203640181709e+00
-4.850336039797186416e+00 -3.086041530841743707e+00 7.091002344813638558e+00
-4.992250982666589287e+00 -2.698629958353537805e+00 7.428576005540582727e+00
-4.964575691277664404e+00 -2.311967120828549049e+00 7.642224533238908712e+00
-4.838190439464544745e+00 -2.099377766609690887e+00 7.933853141917728280e+00
-4.667062212336725580e+00 -1.872002268988763429e+00 8.131231349115799034e+00
-4.531839326770946030e+00 -1.770618714120150372e+00 8.131967059973915113e+00
-4.240335194453590084e+00 -1.719100684164497572e+00 8.304720387676722382e+00
-4.019782153488984378e+00 -1.477735991019237805e+00 8.691127170293380999e+00
-3.724860123927469235e+00 -1.613359999418558566e+00 8.613577751875071797e+00
-3.939584627582175536e+00 -1.436666998010529106e+00 8.867160022220735627e+00
-3.881743875859843040e+00 -1.468676485172987434e+00 8.730819868979690312e+00
-4.030042818856024667e+00 -9.085940398687011310e-01 9.352298887268471361e+00
-4.036698632859664571e+00 -1.044420006660095268e+00 9.250740174308273112e+00
-3.881945565859452607e+00 -8.398084473773739234e-01 9.278473532542017566e+00
-3.396388021133434520e+00 -6.520682981759193808e-01 9.407970047720830564e+00
-2.929833625502156202e+00 -4.834143688591368004e-01 9.565411526757143790e+00
-2.500399180870092941e+00 -6.558652006206049379e-01 9.250156694098974342e+00
-2.347881573451102710e+00 -4.531635865909073857e-01 9.429168770414912970e+00
-1.937484275533960743e+00 -5.970079382220907505e-01 9.353618335074585843e+00
-1.464424661542874206e+00 -5.716088311933953392e-01 9.725083522001638059e+00
-1.259759898136248779e+00 -4.742071817124031696e-01 9.374799328028952772e+00
-1.016304802950567021e+00 -4.247385363714730744e-01 9.187145419736950203e+00
-6.533481286740208116e-01 -2.962344624066197696e-01 9.449635686368964116e+00
-1.498884042898063207e-01 -2.604955685191034931e-01 9.858606441533275699e+00
2.616876650467809817e-01 -8.542602674715471522e-02 1.007700421649264655e+01
2.606747242362568162e-01 -1.446590327758023875e-01 9.308366230905331662e+00
4.424911057786455881e-01 -5.827805779191752578e-02 9.186477386687881719e+00
6.229839409827170327e-01 -5.982123680133444310e-02 9.174671939786522401e+00
7.046161343996768522e-01 1.289851392692202836e-01 9.486681290566336244e+00
7.585756714218316876e-01 1.389482693982273531e-01 9.412002054259399841e+00
7.188240657760351926e-01 1.076304613203920013e-01 9.556634154965919947e+00
6.190923896306064211e-01 1.305855946930662981e-01 9.781519138064092900e+00
5.194768757356975630e-01 1.386718495417156305e-01 9.819095250409256792e+00
3.871815219211227621e-01 1.427025675436750518e-01 9.773648427665907690e+00
2.565638360698090370e-01 9.547959030478381237e-02 9.749606960686076462e+00
2.301413725897947238e-01 7.516491551441362162e-02 9.939899983043199327e+00
1.416667637096362675e-01 2.618000049905511162e-02 9.921980368860943145e+00
6.247715192091551906e-02 5.809413961355147649e-05 9.829347430691518284e+00
1.251242234660907560e-01 -3.862230675295030835e-02 9.862845950354396152e+00
2.087289013843314223e-01 -8.440543196032201934e-02 9.693392418427693613e+00
3.668061425795121622e-01 -1.944314069324608596e-01 9.553231374190893632e+00
3.601935113875194272e-01 -2.064905805250401016e-01 9.465015625126552479e+00
3.147511352144656271e-01 3.743661664460784522e-02 9.678571160099791015e+00
3.640201018705406799e-01 8.734580479613995863e-02 9.887116102478399782e+00
2.477648234461646837e-01 3.895468701254145572e-02 9.719644921542322180e+00
1.734347271230900489e-01 -4.025212729443161663e-02 9.748692488547888502e+00
7.558332889364871576e-02 8.543737715442922820e-03 9.858400708497359943e+00
-3.349343466611753861e-02 9.830315790477595073e-02 9.983289736536661962e+00
5.710591847755686068e-02 3.707910207030096217e-03 9.784599852332785730e+00
7.510825632848594502e-02 -1.052981447074960997e-01 9.739437927198082434e+00
1.564111043650775468e-01 -8.214480726994644044e-02 9.663824226378443072e+00
1.749737047831430026e-01 -8.480774520662581750e-02 9.618528932238048057e+00
2.255599766091105352e-01 -8.197056801783819679e-02 9.680302319140086098e+00
1.749360194737890062e-01 -1.057798003297349965e-02 9.623285685340952966e+00
1.809357017138479851e-01 1.051461721138036154e-02 9.594928973198928901e+00
1.880558380054562218e-01 7.399915821601510402e-02 9.764648977189677836e+00
8.643576203526737167e-02 2.000434688566254948e-01 9.701115964063061980e+00
-1.464891405465471586e-01 2.876794936160536054e-01 9.705799950358585448e+00
-2.048886527574590444e-01 3.285947423914921117e-01 9.674684348160145220e+00
-1.235415054854802630e-01 3.435528942365229099e-01 9.795866596650146363e+00
1.971351730223336318e-02 3.514530862582869730e-01 9.931552028558330747e+00
1.960672757551435996e-01 2.913084478242211617e-01 1.000946088599552120e+01
3.116960102849342107e-01 2.343122604981546786e-01 9.962939976338347492e+00
3.616651901821119619e-01 2.333277582415522744e-01 9.879138904461488124e+00
4.691818930612439154e-01 2.035615925970635232e-01 9.704946909637312658e+00
5.136515928167157963e-01 1.756372727549191382e-01 9.501426127467501814e+00
6.716439848524975442e-01 2.060034402001624798e-01 9.618456931346218042e+00
8.255135204646433245e-01 3.208315361928493203e-01 9.614213168134572385e+00
9.846651733750986235e-01 4.257243028973274335e-01 9.423261331458538947e+00
1.170668585485199253e+00 5.123658545226943417e-01 9.456047275845564926e+00
1.293695384709778740e+00 5.192496156553429998e-01 9.386533566757185199e+00
1.404317350042158186e+00 4.972546931901642431e-01 9.330306699685007032e+00
1.644937675786578790e+00 4.437355436970324973e-01 9.463684947589905860e+00
2.012684974126786486e+00 5.308608853313065978e-01 9.764139115085699316e+00
2.384684692230304215e+00 6.321468374630354603e-01 9.774429705383223421e+00
2.778933109534847734e+00 7.604840287703966695e-01 1.020158728132236092e+01
3.037096294564483046e+00 8.535729642359699554e-01 1.041404334783551455e+01
3.187562227699569206e+00 8.112152973693609326e-01 9.995408221548428784e+00
3.185187817757116235e+00 8.081807797432065676e-01 9.498295016298152760e+00
3.073298834077605068e+00 7.295109387330520612e-01 8.840214782825363216e+00
3.002896229918649240e+00 7.607391145131603416e-01 8.512534723096235822e+00
3.033876111306624601e+00 7.379846681831994104e-01 8.078589889676820235e+00
3.187638823677974464e+00 6.276080073515970525e-01 8.043468824988075028e+00
3.326167495692368803e+00 6.690391307716456737e-01 8.180038807590699790e+00
3.436836666399071039e+00 5.582038010883212387e-01 8.033514133374787036e+00
3.518838397055700895e+00 5.018245560125751403e-01 7.973965184618269753e+00
3.671087302824466825e+00 2.936363803546262474e-01 7.964105760373993093e+00
3.719434774338630234e+00 2.187061351220798144e-01 8.166744037699817937e+00
3.559970497735549522e+00 5.276311259565424905e-02 8.258632005036410817e+00
3.308458386077252733e+00 -7.795962646775045357e-02 8.610594550827784133e+00
2.987228481302065752e+00 4.012252093043322532e-02 8.996811223914223277e+00
2.344022652375899796e+00 -2.168711530262639187e-01 8.786585002983908765e+00
1.623439558109974090e+00 6.713212458700290597e-02 9.525178490893233985e+00
1.387918498632273012e+00 6.632793338773002034e-02 1.016151212318609254e+01
1.072058156400850892e+00 -1.826286468232058979e-01 1.078955780437983947e+01
7.109680644204294797e-01 -4.205309702604527189e-01 1.111970506222962385e+01
5.172124062087304353e-01 -9.026911402763566628e-01 1.183992004003845899e+01
1.146780150705693169e+00 -1.654489076110640333e+00 1.449164602210114516e+01
9.221048839786172291e-01 -7.294290615430965019e-01 1.497145860408958917e+01
1.993357447960477424e+00 -1.965807681936937890e+00 1.641618763314809115e+01
8.967031935121849706e-01 -2.234290718493594952e+00 1.587825854984920504e+01
-1.330608989402478848e+00 -2.765492486681980111e+00 1.302512734635953073e+01
-2.251140089509015230e+00 -3.425527096886194833e+00 1.170434078325169125e+01
-1.617627885318228653e+00 -3.415478045403385288e+00 1.210575829332645803e+01
-1.776991744005842477e+00 -3.571716791266605018e+00 1.057368001677813396e+01
-1.028144374981091680e+00 -3.282548803217007816e+00 1.044275773735230040e+01
-3.708974020814235217e-01 -3.144915703344734137e+00 9.696251482281539325e+00
-1.142215956182408565e-01 -2.868404073353535200e+00 8.648751104383237021e+00
2.102765493086906634e-01 -2.570358050168795483e+00 7.706493483689862423e+00
3.547670998332146386e-01 -2.241430349194538429e+00 6.652777505605202535e+00
4.547580750851394904e-01 -1.870316196945022602e+00 6.046071627491851785e+00
5.691617925985938964e-01 -1.505531291001742655e+00 5.712873619251925383e+00
7.404327049348760070e-01 -1.048396377348236097e+00 5.580369777192539793e+00
1.032944253828041559e+00 -9.198610332229661957e-01 5.496384637312203836e+00
1.370450302093259021e+00 -8.966410183636788211e-01 5.434132733105738744e+00
1.425411781168301584e+00 -6.178707420026157138e-01 6.011590343842197370e+00
1.571830926788308380e+00 -6.996872420311226470e-01 5.943127031849622099e+00
1.729802948061592849e+00 -7.090626081566839822e-01 6.396105745017077737e+00
1.825936778839301056e+00 -8.147273499185092582e-01 7.245296324364500329e+00
2.109595653026651529e+00 -1.068584499520708331e+00 7.889276736376861443e+00
2.104081674139369973e+00 -9.826239257645896785e-01 8.447876248146565459e+00
2.508076859710177686e+00 -1.165824135087401014e+00 9.032082181106583008e+00
2.784073572358008342e+00 -1.088097099078946250e+00 1.041262716144982825e+01
2.808222339186764671e+00 -1.397316247293991509e+00 1.107499986354043564e+01
2.967980557318281143e+00 -1.403166106770563637e+00 1.226326186617981406e+01
2.014343072722219574e+00 -1.450973323089278288e+00 1.232613935674006100e+01
3.867906469619154741e+00 -2.722935770370746411e+00 1.723132728276161174e+01
1.538663824196833119e+00 -1.178549151429383102e+00 1.478216267951770746e+01
1.611823106226015767e-01 -1.392436500338605221e+00 1.281461684113684996e+01
-1.490897313982967543e+00 -7.917977403261700076e-01 1.148252372665916887e+01
-2.495841885111655500e+00 -2.099367377178333882e-01 1.169420657478012515e+01
-2.672187444976501070e+00 7.286980662719901858e-01 1.124295907096327696e+01
-2.485554333568007479e+00 1.530398477399453228e+00 1.062006430809153734e+01
-2.496667004734630879e+00 2.264451244804883689e+00 1.017104260130558302e+01
-2.261500769023726765e+00 2.444755648680320803e+00 9.546769062640292347e+00
-1.765100692978823549e+00 2.604258118770079289e+00 9.138167718003638029e+00
-1.412570648981028576e+00 2.759861308514333533e+00 8.945130315313569724e+00
-8.742892704472746690e-01 2.305102050514921341e+00 7.636044682492087787e+00
-7.350721532654436174e-01 2.428428427616255991e+00 7.031808498977197175e+00
-7.730401583614805450e-01 2.110453131562362472e+00 5.823514281771195122e+00
-9.651722753967577617e-01 1.924913841292334782e+00 5.425288239540607904e+00
-7.197516126398603165e-01 1.706120407569922115e+00 5.532404485502281588e+00
-4.970578312061771364e-01 1.590470878620754203e+00 5.863567674195715007e+00
-2.940338052712742067e-01 1.395007435188579503e+00 6.000301670717504976e+00
-3.987864543105009707e-01 1.433901974724871131e+00 7.077254707143199930e+00
-6.712506185899547173e-02 1.582074459866877003e+00 8.123856575306049876e+00
-2.057507130060235445e-01 1.829468761319928749e+00 8.789663765164059228e+00
-2.888865222152987577e-01 1.536063013704124458e+00 8.914197110413958569e+00
-3.441023434395624747e-01 2.013077540067890858e+00 1.055070333133628502e+01
-8.047297364328793723e-01 2.006013473085412890e+00 1.120865518752323453e+01
-1.069484887767818915e+00 2.041928474823903272e+00 1.138495679721735421e+01
-1.083309059892879622e+00 2.059310063012767422e+00 1.265629434666914399e+01
-1.596740463652155384e+00 1.645204405598817310e+00 1.228983004241491273e+01
-8.036821210717113306e-01 1.559068694228709084e+00 1.606265085711964957e+01
-2.512193623228319517e+00 2.488853497985123120e+00 1.395199065063656896e+01
-9.371240720718865269e-01 9.317791948830311810e-01 1.422579349541545035e+01
-2.899473390539797357e-01 3.044108805116270133e-01 1.424778711696920652e+01
-3.447619339658580806e-01 -2.910247818719744473e-01 1.344702575752654994e+01
-6.046933416439004283e-02 -6.479975293373865242e-01 1.341198639578695584e+01
6.322568581678646993e-01 -1.163983005573272500e+00 1.242475208520790986e+01
9.596992962931716331e-01 -1.339204691233894629e+00 1.115313632701095869e+01
8.683301103518707986e-01 -1.436659516108177659e+00 9.339110803736783595e+00
5.805211487824715189e-01 -1.040579830880679069e+00 7.849973226905339274e+00
4.084799215261617489e-01 -6.156266390072984152e-01 6.460431899988154925e+00
3.033047386948802826e-01 -7.306919219163710011e-02 5.663631680458016682e+00
9.678689035394105744e-02 3.802787778156986320e-01 5.133202497564712807e+00
-7.655759536922346342e-02 6.801227804363256801e-01 4.516894792832886196e+00
-1.118178986896006810e-01 7.927616334507416873e-01 4.514394386595521169e+00
-2.173485870156435795e-01 1.092148387995730330e+00 5.231518566596762732e+00
-1.156024813542765317e-01 1.186624803525201610e+00 5.635802863188217771e+00
1.757550432963628229e-01 1.198310607236104719e+00 6.404216027809361833e+00
4.517283250135812889e-01 1.261904134887533502e+00 7.592155530895303706e+00
4.596326780882813434e-01 1.215545810608099409e+00 8.305639723931474094e+00
3.242000653548062772e-01 1.221034215098656617e+00 8.853536576721605655e+00
5.115567368091007427e-01 1.135055252767204426e+00 9.205340683148712344e+00
4.840965434214274943e-01 1.387664065369770050e+00 1.032873697011855718e+01
1.699228438865403312e-01 1.499231957245862112e+00 1.067697300953993711e+01
-4.208725571667530918e-01 1.656727344343523534e+00 1.218057026225165629e+01
-1.149498969660468495e+00 1.792861537324070831e+00 1.240242708209516032e+01
-3.953088595265030758e-01 2.395295555387815689e+00 1.675251462006122694e+01
-1.551738122858328017e+00 2.370639347104040340e+00 1.502602426836624083e+01
-3.671649218224684041e+00 1.503717137562173178e+00 1.109417326081627664e+01
-4.931423379618795622e+00 1.827562444881946746e+00 1.163429422810112968e+01
-4.603524610082510904e+00 3.051371102868920104e+00 1.357446982478682784e+01
-4.057100371393479676e+00 2.410159003711248360e+00 1.363507636778278354e+01
-3.735435176372568833e+00 2.543147110875302097e+00 1.335398879368161040e+01
-3.193994030548052976e+00 2.274278890282801058e+00 1.192580584520418974e+01
-2.961337179285051135e+00 2.246569129550168853e+00 1.087075700877787554e+01
-2.837741959975044637e+00 2.086432633107443646e+00 9.283592092305186227e+00
-2.568874116981815448e+00 1.992731209831026806e+00 7.690503252505863863e+00
-2.102314766618952113e+00 1.563094778369013227e+00 6.027957780206364191e+00
-1.613329421091612925e+00 1.460615289127283889e+00 5.037693943393029450e+00
-1.084895013053220669e+00 1.033149556262313640e+00 4.100962261063278547e+00
-7.832523433545193203e-01 1.071790900604285834e+00 4.161095917916037834e+00
-5.530947878954040053e-01 1.243601335925542228e+00 4.494486940971255784e+00
-3.653473204657508022e-01 1.230818833731807338e+00 4.443979568980438444e+00
-2.902194291683800054e-01 1.142452414676556227e+00 4.611363052274228380e+00
-1.879447942713753372e-01 1.422393589160051430e+00 5.883508725383831184e+00
-3.807728870468591875e-01 1.588926096726662074e+00 7.251744655108726789e+00
-8.241312246889804793e-01 1.594118385282373929e+00 8.206502885447575224e+00
-1.100015735138921258e+00 1.663601512977018082e+00 8.865445357921133862e+00
-1.410196708201866489e+00 2.051762088639298653e+00 1.083005440065031166e+01
-1.481701964753399992e+00 1.734587119543228972e+00 1.131751793114814042e+01
-1.787462117425052455e+00 1.687697558577904822e+00 1.247261962336258811e+01
-1.435055089240113269e+00 1.958318911812083840e+00 1.370276728117467613e+01
-1.675720187590765686e+00 3.088998336428284475e+00 1.566214416363028228e+01
-8.815234475888529264e-01 1.242429767089333836e+00 1.416092129382652232e+01
-2.715782837018159146e-01 1.143325633015678022e+00 1.544034183585573672e+01
-1.115111816487564411e+00 5.474509957283180128e-01 1.520063315270751758e+01
-1.442909627736886025e+00 -6.000738486054881804e-01 1.423515382305937749e+01
-1.375410451205115736e+00 -1.471655055006620749e+00 1.328088744439098789e+01
-1.338837806095693361e+00 -1.925651949477962255e+00 1.183777611343066383e+01
-1.644684548785752209e+00 -1.783478258437770414e+00 1.048381927153211635e+01
-1.857363795264926010e+00 -1.290625382021141299e+00 9.151161724540051168e+00
-2.332900247132893679e+00 -8.193457473332048657e-01 7.214446952927247914e+00
-2.679424835560058948e+00 -1.993651687315574073e-01 6.355007380239820591e+00
-2.334849846305656840e+00 4.438293775437833766e-01 5.955796247173635649e+00
-2.200192069508246639e+00 8.219035318232417175e-01 5.377306012156785719e+00
-2.147669834011966650e+00 8.318788137952246586e-01 4.645786793195278541e+00
-2.048602547365705906e+00 1.456014373148439400e+00 5.252694794425610603e+00
-1.667776268380970706e+00 1.501028250496191152e+00 5.201184326540309932e+00
-1.440308055049167368e+00 1.604648895845493639e+00 5.727767429421548151e+00
-1.264925083633896108e+00 1.565543772203815465e+00 6.017752330613866718e+00
-1.125356227209837190e+00 1.506196241242435896e+00 6.512373971369979309e+00
-9.684419120047358387e-01 1.425896259093690777e+00 7.126700528507651455e+00
-8.265177544769427564e-01 1.764984268905123610e+00 9.057083248744534743e+00
-6.156902164296451652e-02 1.704104879594868116e+00 1.048294604829009380e+01
-4.202931252792585504e-02 1.554262655686939887e+00 1.159381431608831647e+01
-6.329759457798174171e-01 1.092896644367633563e+00 1.356637015484385600e+01
-1.302869563338595826e+00 2.138398886740588978e-01 1.277023939551251175e+01
-2.196041075283638122e+00 2.312834277247741710e-01 1.538767184016360723e+01
-3.139521014467550497e+00 9.297014682643336414e-01 1.783916573170309050e+01
-4.532988370709841952e+00 -1.495682532360694594e+00 1.006977978974388677e+01
-6.770391952853689332e+00 -1.124998025311310546e+00 6.448898145410088212e+00
-5.523837707651942708e+00 3.369730759291051925e-01 1.170645394189493516e+01
-4.866385140561671818e+00 1.350636470218088192e+00 1.495715365883865111e+01
-4.823217312944548141e+00 1.255025253945723840e+00 1.357898691329196694e+01
-4.393650054342376876e+00 1.339013442159587619e+00 1.139578787504292023e+01
-3.891525820030943272e+00 1.283005484783439343e+00 1.004209084122415874e+01
-3.249884285840817455e+00 1.313527187461673407e+00 9.400995752026961583e+00
-2.624415128890528859e+00 1.009524969881778755e+00 7.848250187075186624e+00
-2.205726789798569509e+00 1.320908801693994050e+00 7.180236772468595596e+00
-1.784884671462864780e+00 1.499918177232941296e+00 6.854634724766383691e+00
-1.356989524618063214e+00 1.799342764065610112e+00 6.775420893046467441e+00
-9.157596485796553054e-01 1.995695878509571752e+00 6.486502523481139093e+00
-7.041843485488752385e-01 2.098068522469191510e+00 6.223352729784464188e+00
-7.398352120603177706e-01 2.036188182878825081e+00 5.810243644101192650e+00
-6.089652100786632216e-01 1.922987023469988843e+00 5.806722115481838919e+00
-5.692331347040271439e-01 1.937242288988721750e+00 5.835901182506242790e+00
-8.855228962582692986e-01 1.905099909617231191e+00 5.863737948361845476e+00
-1.541165412935191936e+00 1.938667567615323106e+00 6.008478134032841922e+00
-2.073043659005594286e+00 2.061431506507304778e+00 7.689125369462039394e+00
-2.159422130163995313e+00 2.281668173116123022e+00 9.443430852859778568e+00
-2.644598140103084916e+00 2.004418106974145797e+00 9.504891199391948930e+00
-3.180607017239746703e+00 1.617899202438164430e+00 1.026546205124534339e+01
-3.577775762631129730e+00 8.260401253678812949e-01 9.537637034981383266e+00
-4.428924270070836222e+00 1.269195660748470011e+00 1.178227811945740733e+01
-3.496490895580189218e+00 2.727883025148382323e+00 1.409815513276468479e+01
-4.730245113863652762e+00 1.574210869201199792e+00 1.266809157682951259e+01
-4.271536307531730969e+00 2.504594930864421976e+00 1.494321459069702662e+01
-4.286407094884158830e+00 2.145186474964133616e+00 1.521165907437267961e+01
-4.300574460913292540e+00 1.607956541956944818e+00 1.490339117934647106e+01
-3.697608480132100972e+00 8.572250259956177842e-01 1.384415138211168994e+01
-2.986571705792406384e+00 1.170376975273637044e-01 1.240903510220241834e+01
-2.687410441926512572e+00 -7.762786906420720001e-01 1.009764218106847977e+01
-2.739177997848467605e+00 -9.581017500798094666e-01 8.724233322796271395e+00
-2.771200367113252572e+00 -7.024651329469504546e-01 7.285615052851968976e+00
-2.797216122137821781e+00 -1.500240274772726146e-01 6.490249151949157635e+00
-2.709033258013220813e+00 6.938260449391284723e-01 6.784460564650324876e+00
-2.394588052448910709e+00 1.247250924820748619e+00 6.449330022337880663e+00
-2.165003497065258742e+00 1.709433231824686761e+00 5.967488072011003730e+00
-2.180139045465857350e+00 2.100127899876027548e+00 5.934050430529178577e+00
-2.089188746799509833e+00 2.420604506603346806e+00 6.257092478094268273e+00
-1.983127887064263462e+00 2.468215770417192978e+00 6.237514741726940315e+00
-1.830878690404963205e+00 2.421561738157687493e+00 6.057341011167996392e+00
-1.581562529843116627e+00 2.274288065750021737e+00 5.878667612971009149e+00
-1.369543892729804480e+00 2.274270344237510066e+00 6.313145869237721364e+00
-1.108767035340845197e+00 2.346478489851181237e+00 7.832882627196272374e+00
-1.152927986301283791e+00 2.504031889353329099e+00 1.004616735730367338e+01
-1.855037464274736925e+00 2.554551742832789962e+00 1.069691576231228858e+01
-2.238265318935120707e+00 2.607233044153893786e+00 1.196668181784910345e+01
-2.727969528020027568e+00 2.743541971837531790e+00 1.342310076213514058e+01
-3.558697480282729586e+00 2.562848299693448517e+00 1.394936390352498456e+01
-4.767372679388033774e+00 2.809650652356010525e+00 1.695348044954545585e+01
-4.919665824774170915e+00 2.326967528596422419e+00 1.653074951967861850e+01
-7.347376749995486733e+00 1.233697830323263744e-01 8.206150808498851035e+00
-8.858389206706151597e+00 -5.902700259023552221e-01 4.629937458956783658e+00
-8.403245066603378888e+00 4.666049057332442018e-01 8.556254623303974682e+00
-7.614275529690512023e+00 1.236728749385864745e+00 1.026536663883900502e+01
-6.011405340270545850e+00 1.863220145672481287e+00 1.137898102972287262e+01
-3.851160767781395045e+00 2.215894569308296980e+00 1.136297784843570291e+01
-2.654305221792588654e+00 1.737481294993042269e+00 1.023630787141989451e+01
-2.531227941891752486e+00 1.597557592880130439e+00 9.627264409232484610e+00
-2.310622416425836434e+00 1.403650251528281601e+00 9.360086349106351733e+00
-1.400597735107475428e+00 1.004641162017419376e+00 8.904991481664264796e+00
-4.943364374456585830e-01 1.044268881255944859e+00 8.767538051364136109e+00
-2.295990591991591279e-01 8.574667451824820041e-01 8.305402657161783608e+00
-1.203045370581028450e-01 7.337623997307587409e-01 8.008707249653815197e+00
1.016569152786011010e-01 7.601954849471077580e-01 7.876605502551343285e+00
6.632523789133704106e-02 7.003282631619653920e-01 8.122840166444813548e+00
3.710611847302338617e-01 5.683881068304117434e-01 7.900561213294936103e+00
5.575382477058850039e-01 4.666225260474172742e-01 7.587704359529710452e+00
4.283092011007642030e-01 4.758692212022204160e-01 7.333019092002817096e+00
3.248460366816259270e-01 5.953431177972485777e-01 7.696003235526718278e+00
4.040250651760791678e-01 9.245392178353006862e-01 7.988232592444211910e+00
-3.022117063220569610e-01 9.453443195392012832e-01 7.675783098229579160e+00
-6.224879260417888194e-01 8.678954183351041962e-01 7.404679145557702569e+00
-9.082330206409211515e-01 1.139643486149615192e+00 8.774158267875968420e+00
-1.056560397612607005e+00 1.118100669156039118e+00 1.085934483714973275e+01
-1.354272526119262965e+00 8.717207988452102541e-01 1.164635064574243550e+01
-2.723313436835874679e-01 -4.714332644981782394e-01 1.439269278176916167e+01
1.211060327201833875e-01 1.046120164237092531e+00 1.533772700458986904e+01
8.935789133008484875e-01 -1.462718452026585680e+00 1.063739635046386667e+01
1.519303433017434424e+00 -1.104601297010964878e+00 1.335028528193986652e+01
1.726848941842931584e+00 -2.926863977841200892e+00 1.235407081189198841e+01
1.345223059153303202e+00 -3.384404701401741988e+00 1.309195935685190193e+01
1.624998067956079373e+00 -4.228113470004826624e+00 1.142278700312186324e+01
1.530426890711403587e+00 -4.338940672518766917e+00 1.032539267937151450e+01
1.792036711213527811e+00 -4.116224694287420327e+00 8.869194288437673990e+00
1.546867377983569991e+00 -3.350824724870751226e+00 8.136074003140954858e+00
1.366432547040908441e+00 -2.872631360307731363e+00 7.089230284787261027e+00
1.360682048346805617e+00 -2.104939901864677498e+00 6.608361234852304200e+00
1.492802043936742873e+00 -1.486404399611430449e+00 6.123735180262129596e+00
1.626194512817288995e+00 -1.285920645890346714e+00 5.830036935856658609e+00
2.054252940589456955e+00 -1.150417610434788074e+00 6.456449853161649877e+00
2.605851435643727232e+00 -1.132739977449861879e+00 6.333224545753168400e+00
2.636545980726503036e+00 -1.569661157205588742e+00 6.234768692615704211e+00
3.037345262077037589e+00 -2.070096749489985122e+00 5.683401577579942909e+00
3.253777330592922290e+00 -2.460053645027207025e+00 5.728602296090901547e+00
3.602263819829332192e+00 -2.686620612101464189e+00 6.608644458595889226e+00
3.752848012382549392e+00 -2.929128393236831496e+00 7.344663606868470751e+00
4.059894851773897528e+00 -3.135863664073417656e+00 7.761375272065051512e+00
3.816573131008418329e+00 -3.366420594275908673e+00 8.241909854861471985e+00
3.980373278896491840e+00 -3.594738184109653734e+00 8.758942078400155040e+00
3.734461489510293664e+00 -3.600489864017479835e+00 9.721636489060212938e+00
3.680112743339860160e+00 -3.582326780397281141e+00 1.101154818302344829e+01
3.479460912604249501e+00 -3.364324514041156622e+00 1.232070843246888536e+01
3.490311854220934151e+00 -3.191915860979509745e+00 1.409641316018842083e+01
4.219566416831654898e+00 -2.207945130804671585e+00 1.721506041226272998e+01
1.891855571399881031e+00 -2.157427425055287173e+00 1.330363120757473894e+01
7.021624534514894211e-01 -1.091760736044061986e+00 1.242723579736763284e+01
-1.144307846283829644e-01 -4.972172313223328644e-01 1.166374314550159674e+01
6.001960042850400523e-01 -1.707227512600493213e-01 1.269087891424989145e+01
7.234881068187664077e-01 2.814095240933749409e-01 1.310005690099960596e+01
7.610618475855608356e-01 3.837541519194873629e-01 1.210158797723436308e+01
4.680853592035516542e-01 2.786171446936167584e-01 1.067083429779546577e+01
3.749923993371913067e-01 5.101164424787905105e-01 1.020099206800094294e+01
5.680348433076859438e-01 -3.703584065411824611e-02 8.842167873898429065e+00
5.469379977893381595e-01 -2.407359905511277098e-01 7.926671487760771129e+00
4.927728332959606661e-01 -5.235458573604279131e-01 6.687367206793134677e+00
5.274677397942305612e-01 -6.479567786044797550e-01 5.996586929017860612e+00
7.198803789535475062e-01 -9.698524605954448319e-01 5.324469490629808455e+00
9.920491096872116055e-01 -1.132642688578566315e+00 5.124404735355350127e+00
1.111004724220442164e+00 -1.319135838877827371e+00 4.899086516084294907e+00
1.270540171418920838e+00 -1.406147890558684832e+00 5.095683429146196985e+00
1.416575910457893217e+00 -1.294200949816827206e+00 5.282769173260708051e+00
1.493734606598470460e+00 -1.348465891735402877e+00 5.414140220399944248e+00
8.072878464490752526e-01 -9.911077242626813444e-01 6.569788106506668335e+00
1.308043651687940567e+00 -7.718022512052273854e-01 7.842094046746916902e+00
1.882428841654374185e+00 -5.928228957381245223e-01 1.006069901110307718e+01
2.359082377708734857e+00 -4.388130859189702804e-01 1.143092378809820353e+01
2.605826360417069054e+00 -3.641081485860313549e-01 1.268738326255263793e+01
2.498189282688271007e+00 3.074592843623822347e-01 1.456045940769812574e+01
1.578035369273752764e+00 -3.229783963782608680e-01 1.321817513400223554e+01
4.501756180631829807e+00 5.787977076165518042e-03 1.985627753592308409e+01
-1.180531358823213584e-01 -8.685983731177113754e-01 1.145065227046431744e+01
9.759228494220666406e-01 -7.973746509937065241e-01 1.391642774538130389e+01
1.444184773271381061e+00 -1.828587127708552806e+00 1.434434935243285025e+01
7.873378852384840254e-01 -2.227528913027725821e+00 1.383271253771380671e+01
7.896222583905143644e-02 -2.949316760442489915e+00 1.228232739252543304e+01
1.048553262712137446e-03 -3.390315593996392707e+00 1.126970358063289801e+01
5.867726017578556164e-02 -2.989456130628459718e+00 1.097495335806317662e+01
-1.409286928559955188e-01 -3.031136981500708760e+00 9.304451650763288839e+00
-2.008562144547924033e-01 -2.333892131554701876e+00 8.432422302700507188e+00
-3.443916988374458032e-01 -1.760220861631347500e+00 7.403336549558156676e+00
-4.815791405555860383e-01 -1.370667471914281954e+00 6.275830816875711093e+00
-4.247793078638479880e-01 -8.578643364418518935e-01 5.871452644506288898e+00
-3.197226096473487766e-01 -5.642028776606422547e-01 5.767983645577433371e+00
2.658376100026704769e-02 -4.617808135283327786e-01 5.573555866076270071e+00
2.609075260047457601e-01 -4.376659503338462542e-01 5.409371930174376786e+00
4.450577824588174414e-01 -5.290552670051216211e-01 5.643572087544641569e+00
6.517855267999824731e-01 -8.008112378661182973e-01 5.739421366597803775e+00
7.471667019130183718e-01 -1.076813729912137418e+00 6.009827747838047962e+00
7.519766939028619257e-01 -1.224340179538163653e+00 6.875806773145125561e+00
8.861539401634860313e-01 -1.598419014678857053e+00 7.356434560735166883e+00
1.510739623109283336e+00 -1.672836784038740365e+00 9.948620579279097598e+00
1.498628917547420114e+00 -1.835976094633759548e+00 1.042096098097090007e+01
1.744717280375142732e+00 -2.008895952455508116e+00 1.140941001444742930e+01
1.956196328853204491e+00 -1.593160105312185770e+00 1.242959714517827585e+01
1.254736479928754145e+00 -1.527230104410642220e+00 1.170937625140608596e+01
4.196272316080134068e+00 -3.368414943081408985e+00 1.883844599565737354e+01
6.158322997100824647e-01 -1.305724312535924803e+00 1.251844668634365654e+01
-1.165308713345783564e+00 -8.565856166981626885e-01 1.052637678014345290e+01
-1.074891852529475056e+00 1.423618667485166966e-01 1.340879343656921385e+01
-1.089778823002242936e+00 4.246358923143160879e-01 1.394329601375572558e+01
-1.158261250828681144e+00 1.377362630519053610e+00 1.353984757601707400e+01
-8.795705398281257192e-01 1.001914538599769422e+00 1.190811615704973292e+01
-1.065134401580680512e+00 1.513020043205196785e+00 1.179924187849180051e+01
-1.253503698035383529e+00 1.919870098238653178e+00 1.046585427606202146e+01
-1.135403733811316762e+00 1.590078606312005149e+00 8.812012470917991891e+00
-1.006929743614385142e+00 1.192994258240030803e+00 7.521033328933064865e+00
-8.920580256958238197e-01 7.204478953921453765e-01 6.558806861446500491e+00
-6.255902360548148966e-01 4.586559642110148438e-01 5.907782269042888501e+00
-3.956120200216697302e-01 -1.185660911421448915e-01 5.032507205612491319e+00
-5.075259424570073286e-01 -1.386875808021388323e-01 5.303152147817217887e+00
-2.252666446618614704e-01 -5.208702289543540864e-01 4.791437583995207028e+00
-4.115992176856650975e-01 -4.445181898644268159e-01 5.959689727201091358e+00
-2.373376674000150510e-01 -6.569164952123047740e-01 6.071941310189444607e+00
3.641726246482224205e-02 -6.086721173020186448e-01 6.902662584871119833e+00
-3.837760289661318325e-03 -5.044238488664136710e-01 8.444383275777619602e+00
2.882371956952702874e-01 -3.427408007859691352e-01 1.048975256214250962e+01
3.683002222875577658e-01 -1.395429586748830886e-01 1.182123473942025527e+01
5.128476204250000947e-01 -7.118077790478105626e-01 1.183866760634559157e+01
6.611680188577433448e-01 -6.475385533668323035e-01 1.293723397186026602e+01
-1.298098347828324783e-01 -9.237045106508565695e-01 1.170343800305644955e+01
-1.019981364644735988e+00 -1.138953168136144001e+00 1.133874866205495913e+01
1.445343319185455222e+00 -2.668505432057970417e+00 1.853601791704696566e+01
-2.842940279460582254e+00 -8.287526725405021111e-01 1.005294456687768445e+01
-1.089850441161368533e+00 -1.614437839660738838e+00 1.266480656283789941e+01
-8.978026654570470111e-01 -1.839037021675713923e+00 1.421617004951960972e+01
-1.608894830249549379e+00 -2.607856306008179637e+00 1.327774204922857670e+01
-2.266396190501203556e+00 -2.920602508065749170e+00 1.228787785181976311e+01
-2.352514462093380665e+00 -3.446080037384383399e+00 1.089257968250713837e+01
-2.454602327837874576e+00 -3.349815321835091453e+00 9.141760532055288380e+00
-2.545534802564151988e+00 -2.815166511514039183e+00 7.541467910960808041e+00
-2.521767508970177651e+00 -2.261672078304690192e+00 6.284936703866260466e+00
-1.906123540644117487e+00 -1.292680676499366577e+00 6.406873714376183138e+00
-1.547450191328710201e+00 -1.020047666057233737e+00 5.395957022138326842e+00
-1.727436322351205700e+00 -3.055379945938714314e-01 5.699758555386385872e+00
-1.308843433803314138e+00 -3.127549763597392563e-01 5.271329247269722629e+00
-1.341092760846254173e+00 -8.269815565296445570e-02 6.053801446678471976e+00
-1.010487599015414073e+00 -1.805251440750850200e-01 6.337012745409760228e+00
-8.416918954148618903e-01 -2.814848414378348096e-01 6.428428771665642749e+00
-7.337834045519444626e-01 -4.242650645917844798e-01 6.872339130126444928e+00
-9.451082064424408680e-01 -6.763102198754089578e-01 7.238333115869374446e+00
-1.101766794772899516e+00 -8.954288417790312593e-01 7.935678466354602278e+00
-1.037713411931260321e+00 -7.161435034905663244e-01 9.485833794117061402e+00
-8.209213644664079546e-01 -7.450330350201284091e-01 1.014522358794010515e+01
-9.195175291484167790e-01 -7.917881085714091327e-01 1.069607042311047529e+01
-9.811587637357424008e-01 -9.362986399885269151e-01 1.205893047974472054e+01
-1.432821796706833517e+00 -8.812627923127669405e-01 1.244792011610919324e+01
-2.207860582147758155e+00 -1.524589334213932723e+00 1.128681808861085933e+01
-2.004772588213214135e+00 -7.639798930459464898e-01 1.165283883058563852e+01
-7.122132783021404290e-01 -1.356968946899163697e+00 1.910834778119266275e+01
-4.309461057680215035e+00 -1.257357317951978359e+00 9.632239696837196163e+00
-4.336227930017455989e+00 1.266970708574177706e-02 9.769173536223670240e+00
-5.351201669668414596e+00 5.932204963473655113e-01 1.097221473944975045e+01
-5.086138156794264731e+00 9.489999865101710341e-01 1.179567322076214175e+01
-5.553946598620224329e+00 1.778457556787143012e+00 1.248211125114696074e+01
-5.891219454509723619e+00 3.064348091050372425e+00 1.394611447878082089e+01
-6.257323138797321604e+00 2.730696189387072259e+00 1.210944126379795271e+01
-6.152531625277455340e+00 2.437466437235245031e+00 1.057081598855086035e+01
-5.342502393680435446e+00 1.487379131575812252e+00 8.934453214224168605e+00
-4.572013078768644156e+00 7.189941335326124339e-01 7.664376500883235188e+00
-3.916393993529645456e+00 2.354695868505052303e-02 6.620691626360316384e+00
-3.159786006155284710e+00 -5.647255540700943932e-01 5.493009488573222576e+00
-2.720069864249796243e+00 -8.009311678208139718e-01 5.118025142074067446e+00
-2.288586267416530706e+00 -9.380010975683150676e-01 4.930361077882644771e+00
-1.999427964333873264e+00 -8.556366548927751836e-01 5.002883058565092966e+00
-1.767008472117485240e+00 -6.618196812184784505e-01 5.231326241014500944e+00
-1.773226954730285243e+00 -5.160747723515703989e-01 5.569583171804353583e+00
-2.033579877390927937e+00 -2.549524316693143611e-01 5.829667662289043761e+00
-2.079933872284924767e+00 -1.486183676602585990e-01 6.594870798812728196e+00
-1.776846566236635061e+00 -3.017105445751555592e-02 7.863946262854739189e+00
-1.786474014480433858e+00 -5.393347710374918336e-03 8.720727833620978586e+00
-2.193015397594064719e+00 -1.856850275814183604e-01 9.698286043014839208e+00
-2.397079986090687953e+00 9.066730366305364441e-02 1.033028176033533541e+01
-2.069001811827736681e+00 1.556894725125745893e-01 1.064040580331071162e+01
-2.299054998029580688e+00 -1.167708525754989068e-01 9.713876961741124916e+00
-2.587915898044010898e+00 -1.895063358113944219e-01 9.624410233538437609e+00
-3.464526267034354845e+00 -3.123459199041604961e-01 9.552545414972399840e+00
-4.815199220306805472e+00 -5.807131053642855534e-01 8.257765704563912124e+00
-3.582749296542750983e+00 -3.264856939911090272e+00 1.470548826296950296e+01
-8.128317339558721599e+00 1.271854781501521536e+00 8.845994853086155629e+00
-3.357530161466093510e+00 1.318811111888659404e+00 1.467300731263535418e+01
-4.269099955938030710e+00 -1.004034015331006557e+00 1.166610976214111517e+01
-4.507746573548017111e+00 -7.874963465965310050e-01 1.247506694947759520e+01
-4.630130839250214514e+00 -1.363031780078634903e+00 1.151473284560483457e+01
-5.235709673232202377e+00 -1.515949972196714235e+00 1.089825270346694097e+01
-5.993094854780136593e+00 -1.867179311500404282e+00 9.881559139257010571e+00
-6.717337251214175353e+00 -1.392800024581180907e+00 9.534460041553643350e+00
-7.198006037006488889e+00 -1.306104598779709747e+00 8.238701641564260214e+00
-6.598659425575424287e+00 -8.361897736856107599e-01 8.245429057181031141e+00
-5.809510227743791333e+00 -1.456818354297304552e-01 8.347338413391847567e+00
-5.205500008430768766e+00 3.035835264151245383e-01 7.846509814998299248e+00
-3.685437019069801146e+00 2.768529213315069626e-01 7.442567456811064908e+00
-2.864924887922450036e+00 5.753849055770965393e-01 8.005805390787836373e+00
-2.309302448079981751e+00 4.775329695070809066e-01 8.035945163379075495e+00
-2.129145913983953697e+00 4.331633770152780727e-01 8.710253217181355367e+00
-1.511498914883017797e+00 3.596701093631127222e-01 8.564860727989463740e+00
-1.350932984959131611e+00 1.628836945057487995e-01 9.045638873815857295e+00
-9.791475214735000376e-01 2.961153143418471245e-01 9.915697865219096130e+00
-8.413343923840169714e-01 2.740164870066541525e-01 1.024719300444435532e+01
-9.096349592703276699e-01 3.118553498850022976e-01 1.030462842881888719e+01
-9.902487122679858311e-01 3.321343797753213423e-01 1.013898595991570950e+01
-7.474294387815068053e-01 3.144334026803443649e-01 9.982294844078271723e+00
-7.900172121822861548e-01 1.880911616868861103e-01 9.613722204500241730e+00
-3.131789906678557056e-01 1.141709561743109447e-02 9.772652917140817408e+00
-2.151022824676074308e-01 -4.511821711637296062e-01 8.959583101538775907e+00
-1.757980184188426831e-01 -7.331084233477938028e-01 8.463405470772302763e+00
4.676312126583220818e-01 -1.385270827946193606e+00 8.350802516957216426e+00
1.715203594584250979e+00 -1.913284066688670126e+00 9.837307420537875657e+00
1.628656495569301699e+00 -2.118766895019326135e+00 9.297817262339107103e+00
1.603216019813610949e+00 -2.097946559822658763e+00 9.522452610905673964e+00
1.197556900135721358e+00 -1.887927214508090312e+00 9.022439417958930008e+00
1.098499317389738827e+00 -1.578536295887325913e+00 8.857839286778780519e+00
1.215893257320965981e+00 -1.167505937018570972e+00 8.989327031537166945e+00
1.229755689486687231e+00 -7.128321624616771324e-01 8.937714802224354216e+00
1.631821679847873963e+00 -3.209665893914870338e-01 9.330996398960396121e+00
2.022015393297785124e+00 2.880376278417440261e-02 9.521277553461001020e+00
2.383011135734665942e+00 2.425309479831536663e-01 9.398494620716395076e+00
2.626832411960657865e+00 4.454909780252727103e-01 9.253569259965313876e+00
2.670347747499108859e+00 6.515615834661909744e-01 9.207819242782923297e+00
2.736043871986986176e+00 7.634963330611310717e-01 9.357123418174609242e+00
2.755775994904345438e+00 8.058931173630123901e-01 9.577263691309795490e+00
2.913859781926383619e+00 8.780779896807735518e-01 9.792614035340724499e+00
2.850543693669052026e+00 8.028519092807293589e-01 9.364193004385850116e+00
2.611472047268942553e+00 8.208111496567469523e-01 9.174521625560110749e+00
2.401102271236086771e+00 1.016193910422208635e+00 9.312855466118204362e+00
2.369245832391001727e+00 1.122624740895017847e+00 9.251963198489404405e+00
2.268298353093333830e+00 1.351823159134675656e+00 9.452943980806731261e+00
2.195257435595082462e+00 1.464339399039543466e+00 9.389803997201379815e+00
2.065241758518207682e+00 1.617655157697563073e+00 9.365833581636398009e+00
1.941821206496979535e+00 1.725645290280772404e+00 9.460340745213747127e+00
2.004813277491154011e+00 1.786931499933651413e+00 9.521964385630784733e+00
1.976430568227111939e+00 1.899055744662423439e+00 9.645806672709293039e+00
2.072455842001262205e+00 1.923752460162635458e+00 9.770215179143141526e+00
2.287433194948686577e+00 1.812100431689211089e+00 9.621714401002122941e+00
2.525139331450914959e+00 1.766660407549146772e+00 9.575674758504224116e+00
2.665486988862179718e+00 1.762065443970605827e+00 9.592672594539497055e+00
2.552005824997236161e+00 1.729009455678910179e+00 9.437186446889883840e+00
2.502866541432019254e+00 1.664335627682286045e+00 9.627890206438456389e+00
2.497078308505648714e+00 1.590478207928263554e+00 9.601711066806524641e+00
2.589387497174772790e+00 1.553437506607938889e+00 9.510172284075125049e+00
2.683213644663708486e+00 1.580779761476902578e+00 9.425101605800731974e+00
2.677001019670997017e+00 1.566165819477454146e+00 9.510717983900583761e+00
2.647404998448761315e+00 1.556678260392778235e+00 9.674604559227629963e+00
2.694749343353049387e+00 1.549549869867558716e+00 9.979530096597171607e+00
2.547086290135919917e+00 1.383301961706676853e+00 9.696606227240543774e+00
2.478538707063003610e+00 1.289241908962820649e+00 9.712418201269258589e+00
2.393572763994967545e+00 1.025975075362245192e+00 9.707379921554267099e+00
2.376377104110058980e+00 7.667264591121640827e-01 9.552785631286029755e+00
2.292598527839130984e+00 5.568295225435488938e-01 8.821002541833202315e+00
1.512488180580863206e+00 2.457443550962983281e-01 8.046947121781185430e+00
8.920977687011419910e-01 -8.264012616812665968e-02 8.646634327870664549e+00
3.194326494333379340e-01 -1.738454488839353829e-01 9.531985763082861496e+00
2.249612145661661344e-03 -1.237305908791581643e-01 1.023244226663331347e+01
-1.708620605232413769e-01 8.709382620215144755e-02 1.054629838423037569e+01
-1.555627934285390701e-01 2.917564930424951797e-01 1.053792285098388248e+01
2.660432691988878773e-02 3.876368140625805481e-01 1.034820528307819920e+01
3.642061906230644741e-01 4.646021511125280057e-01 1.009172746161807765e+01
7.234991823832606084e-01 3.747393314177385193e-01 9.789880187309512038e+00
1.148875831133359560e+00 1.932268743249903054e-01 9.572927588974557978e+00
1.450203952139396124e+00 7.824598827744821961e-02 9.539449979073413743e+00
1.673226185628625018e+00 -8.235825069371127682e-02 9.466631703682061527e+00
1.756240625358178375e+00 -1.975423508166818110e-01 9.378663841941257573e+00
1.774983292154110437e+00 -2.456001338078914742e-01 9.347046318107999241e+00
1.844326399999712596e+00 -2.856837947519217380e-01 9.495936195788241108e+00
1.811232459289350727e+00 -2.913909059925865463e-01 9.441893943517024823e+00
1.741076736562130023e+00 -2.829049200171072087e-01 9.501427962738352662e+00
1.719100155490794091e+00 -2.663155007623787540e-01 9.515380887277881783e+00
1.672894250032312957e+00 -2.530426460610106787e-01 9.546829310447225936e+00
1.628205632566048777e+00 -2.216730610152524150e-01 9.587470473631995560e+00
1.536717267023836708e+00 -1.903251431960608642e-01 9.547179599034691933e+00
1.476548351990482510e+00 -1.626540599778545371e-01 9.558477154798662667e+00
1.514229923880882955e+00 -1.837788124794546007e-01 9.460066079925889326e+00
1.559267465969573774e+00 -2.116117293606043503e-01 9.497868087934675074e+00
1.447160158597290858e+00 -1.914760379042235172e-01 9.636099306330917713e+00
1.314858433128526016e+00 -1.895489332995019538e-01 9.692058575293529543e+00
1.084301160254180774e+00 -1.491262983751999727e-01 9.654891939468891238e+00
9.267405274861495457e-01 -5.652482503751787846e-02 9.781575202860027574e+00
9.196506398183434960e-01 -9.210082058588753284e-03 9.856040395639579899e+00
9.017969806333623328e-01 -3.172881259486270977e-02 9.666995254237475521e+00
5.828635477684962485e-01 6.756133706417344342e-02 9.911780209538486375e+00
7.171029020071171267e-01 3.523903332933731036e-02 9.883625430763451902e+00
6.610453013040946679e-01 -1.476307128736742413e-02 9.604917124602115663e+00
5.658861854185612827e-01 1.554002151475115667e-01 9.693982796684936787e+00
6.063281395459076961e-01 8.240272996938546868e-02 9.828958772251075615e+00
6.080629570514279880e-01 9.016075026715597573e-02 9.825757513860708059e+00
5.712492538864297753e-01 1.496458539356382289e-01 9.840135509751279486e+00
5.716109302449983165e-01 1.514270124429897280e-01 9.862039213789257630e+00
6.604150810295470464e-01 1.169934763793767374e-01 9.975526323024585196e+00
6.364738271893677357e-01 1.369883280687957949e-01 9.740068459243232724e+00
8.412526734107741433e-01 1.514859417315097545e-01 9.688887202758886374e+00
9.828962946132915324e-01 1.388638093660032879e-01 9.539059476909548252e+00
1.026228665645601223e+00 1.126169559697434153e-01 9.495985806570075738e+00
1.192469216997921189e+00 3.226889654354003767e-02 9.560296637372672990e+00
1.211425472823389971e+00 3.090932292712889051e-02 9.643966710222294125e+00
1.230172364111044470e+00 4.199300450178800048e-02 9.638625646770101696e+00
1.140892611822501346e+00 7.280003443041138667e-02 9.706408331227660113e+00
1.105497170402901297e+00 8.974315998975956887e-02 9.748930545621925958e+00
9.821828460735018140e-01 2.141892236649596271e-01 9.725806086883789447e+00
8.936321896770738071e-01 1.817009284583548379e-01 9.900852007322770376e+00
8.521890760167227796e-01 1.502136449180806466e-01 9.908069373212734732e+00
7.099764209852819086e-01 7.017564198469461445e-02 9.822025515074319202e+00
6.187373908136784006e-01 6.113796827887707508e-02 9.863263541849768501e+00
5.523314876775111681e-01 1.377595875166548467e-02 9.770299474537635476e+00
5.226773347929796198e-01 -3.204426627979195530e-02 9.796655101086201967e+00
4.850964148196530434e-01 -5.360416325843964103e-02 9.751158719831993338e+00
4.881763404705230514e-01 -8.953575768498822640e-02 9.663380999732007481e+00
4.613109388795264554e-01 -1.384927053119762164e-01 9.661047449774764928e+00
4.738124964392409488e-01 -1.179387914200384913e-01 9.793672170212939676e+00
5.058707531640662669e-01 -1.069525310351098213e-01 9.861528951683325772e+00
5.188014780641283519e-01 -4.021611389409152082e-02 9.905907904698677768e+00
5.538987243310213859e-01 -6.678946046803879710e-02 9.880332105466946402e+00
5.777912029801004490e-01 -2.844370062188783521e-02 9.871402679571367855e+00
5.528767033873125403e-01 -6.326585027110365189e-02 9.837607578197815172e+00
