8.482213572221595360e-03 -2.129558531237017993e-01 -6.466083371927375256e-02
6.710315245374118276e-03 -2.017455926393838528e-01 -2.606677129779427088e-02
1.003043824087068887e-02 -1.647323663641986347e-01 -3.695800420411251772e-03
3.480012096673043565e-02 -1.600642584438232430e-01 2.783665084973226123e-02
3.899471337203240517e-02 -1.498570029767057610e-01 4.864668281468567668e-02
5.017691002630356167e-02 -1.439377525090338450e-01 4.245699963328031928e-02
6.092177020881882343e-02 -1.444526656567296785e-01 6.161772470068127561e-02
5.014616317768685189e-02 -1.310824433877458284e-01 6.372270037478960925e-02
4.099335825187266913e-02 -1.030665803201587238e-01 6.777831618107590939e-02
6.746824439361016890e-02 -1.209604249082333050e-01 4.878618584664869834e-02
6.000545744431290407e-02 -1.322572858623664027e-01 2.833995781964132252e-02
6.187442249313380299e-02 -1.071351918536592729e-01 3.363847889070336553e-03
5.388169071865291093e-02 -1.020683038498038930e-01 5.509595949209312657e-03
5.134296437705353905e-02 -7.485956182172481821e-02 -2.806946710569014052e-03
5.320032064639750730e-02 -5.675596922165009051e-02 7.905915496107997903e-03
9.446099073991482548e-03 -3.208546782360180427e-02 -4.572991561871792357e-03
3.679643229057351014e-03 -3.016716842322041993e-03 1.242639023208682789e-02
6.341348074909962905e-03 1.917404804485534076e-02 -5.440386031010553680e-03
-1.418225623589329867e-02 4.409012296701420031e-02 -8.140564833783539914e-03
-2.359244772519367497e-02 5.179246825055752040e-02 -1.847406430239419486e-02
-2.077722785368963515e-02 6.968995441557535031e-02 -2.569928748566572413e-02
-3.584460859185559234e-02 6.498256690605194730e-02 -2.215617790136996737e-02
-4.828573136424905987e-02 6.671492595189476571e-02 -3.069453144865996741e-02
-3.102801136828559070e-02 4.315753070450892293e-02 -2.521604701413189542e-02
-2.431394487972666357e-02 3.518709540392877394e-02 -2.023907661975784048e-02
-1.448510160636122014e-02 2.899068031185763825e-02 -4.007064844133497589e-02
-2.670917614691764586e-04 1.370779469951275732e-02 -4.088535600269325304e-02
-1.607696809508426736e-02 -5.354137727004090741e-03 -4.799708149533588042e-02
1.038056553137205879e-02 -1.645695204130566067e-02 -6.193737961650504914e-02
1.722395371583791343e-02 -1.706554803183629732e-02 -3.643925431135716653e-02
3.116416917105419015e-02 -2.531349232944785088e-02 4.493641615093562497e-03
2.477980313522841829e-02 -4.242251472549151553e-02 -1.427493456884405820e-02
1.548471839164040909e-02 -3.469493996346591225e-02 -1.132620723203887556e-02
-8.917499387190466059e-03 -3.451188119397279042e-02 1.864465910807999380e-03
-3.141691455362057798e-03 -3.736265411726489433e-02 2.960570534733017456e-02
-3.755253457009692306e-03 -7.835352470155994287e-03 5.109407336611593298e-02
2.852034029718589388e-03 -2.147313535609775628e-02 6.946398681239102091e-02
1.871752847121405453e-02 7.489460064775826931e-03 6.586027447458307760e-02
7.665691840960550847e-03 1.342489544030176993e-02 5.449992954138928314e-02
-1.429861316271537758e-03 2.181831827045353778e-02 5.256335448261863219e-02
2.027473141553264024e-03 2.945770554513333500e-02 5.223724175027336103e-02
6.537777336790374060e-03 1.657772327168225562e-02 3.912380536990331392e-02
9.941507015029805994e-03 2.846327007680487034e-02 4.146936210993578537e-02
-1.057794004585935546e-02 3.687649151554839994e-02 2.403982926083069599e-02
-1.789530096543073823e-02 4.954149587102295305e-02 1.848161346360402760e-02
-3.110989466594061420e-02 4.366649270735682709e-02 4.355183866662067083e-03
-3.621998823970087183e-02 1.877691691573539837e-02 2.070299951831861343e-02
-3.072116032533619284e-02 1.056341162752809371e-02 -5.515702498539399798e-03
-1.701456955778725411e-02 -3.450603450437411679e-02 6.303554834072827573e-03
-3.115001009191130030e-02 -3.625791305910268381e-02 -1.684204981207381227e-02
-3.480238015078911812e-02 -5.063471462499256892e-02 -2.783745242807831449e-02
-2.001130528045383383e-02 -5.342490438261747465e-02 -2.448676543932786984e-02
-8.269599484370292880e-03 -6.575148847599690538e-02 -3.317057425729844772e-02
-1.665719059753026712e-03 -4.534508035900745859e-02 -3.727454515147208408e-02
-1.261586018333035221e-02 -6.213590546913894813e-02 -4.590368662062875582e-02
-2.936993808706253595e-02 -7.847003705040669908e-02 -3.268764878466960677e-02
-2.945862389129385445e-02 -7.946765538415406782e-02 -2.574660207049897856e-02
-1.566676149376051291e-02 -8.377115713244397133e-02 -3.837093402549647536e-02
-2.674391616127582902e-03 -6.369800513489337623e-02 -3.856591568106071399e-02
-3.134168626155626330e-02 -2.680219288256622048e-02 -1.572773648583584982e-02
-4.408269044709436923e-02 -4.942702521567688551e-03 1.832059280506347781e-02
-7.334326393927066701e-02 -2.552988925050908575e-02 5.875604773630727778e-02
-5.517171460325319410e-02 -2.787230116354402765e-02 8.615537326009263530e-02
-6.097150874246080182e-02 5.372394989454076786e-03 1.058494942772298525e-01
-1.765147288279149060e-02 3.131246185845368984e-02 1.113329644329610207e-01
1.137935064251251877e-02 3.642998432464759906e-02 1.152798557730737444e-01
1.819616214724335129e-02 2.662609063435828621e-02 9.967587626724014327e-02
2.294258846316323680e-02 8.800360055888675759e-03 8.799895687163938884e-02
9.711590339364986613e-03 -1.246695008442180730e-02 7.053935283707164772e-02
-8.668200299389619903e-03 -5.082441086248980916e-02 5.424499590792213055e-02
-7.028177026605958444e-02 -2.739141042659952452e-02 7.211053823201155066e-02
-1.215029767263602067e-01 2.400479952731158356e-03 2.225942785945110233e-02
-1.746101120604430790e-01 3.996839497849494910e-02 1.553460620944479079e-02
-2.687488583823852140e-01 1.157357869854489241e-01 -6.488459526224229362e-03
-3.192375991444525996e-01 1.823557895796693029e-01 5.637509491005859852e-03
-3.761232046774214410e-01 2.554967219139790968e-01 9.680680575117808079e-03
-3.792175440582837842e-01 3.328743337354254095e-01 2.191452652010233634e-02
-4.085150582830760491e-01 3.917851665607329226e-01 2.739191513848310625e-02
-4.309356519986393685e-01 4.410835586292886079e-01 6.217012429158080833e-02
-4.236148612406588909e-01 4.461364383412600443e-01 7.350605126268532075e-02
-4.087645704066608099e-01 4.476420059693853037e-01 7.247349847332415496e-02
-3.967041944210967230e-01 4.242423838151293536e-01 6.233910652684371279e-02
-3.610470318443659843e-01 3.644834458839463220e-01 3.826746087654388229e-02
-3.454389129481952314e-01 2.539248010964114122e-01 -1.290782349263846357e-02
-3.261694266692423683e-01 1.469908494459778725e-01 -6.284727067588220806e-02
-2.776064502793609834e-01 3.625374900232572473e-02 -1.323970614914434518e-01
-2.269447103363007312e-01 -5.527593354319089436e-02 -2.052365293784254308e-01
-9.009993900789572963e-02 -1.521381348797918309e-01 -3.105758510123923788e-01
-1.359725113529340335e-01 -2.416271639546840877e-01 -4.593416094875278355e-01
4.807889801432925492e-02 -2.640500936534934673e-01 -4.807322529478431083e-01
-6.166015590360077181e-03 -2.310987845732281887e-02 -4.819305994097358714e-01
-6.985119179602104766e-02 4.130516371614004756e-01 -4.282233956207461834e-01
-1.618018628082610877e-01 7.710841910550300105e-01 -4.685826483244835416e-01
-1.528099013846685728e-01 6.713159906998600324e-01 -4.476972759158507342e-01
-1.545658356175541870e-01 4.435476681774221941e-01 -4.142756356765607828e-01
-1.263220696410743416e-01 3.043260410081294332e-01 -4.455293820567998164e-01
-3.256250104382110711e-02 2.456572449321403895e-01 -5.028309899003059469e-01
-6.848589403057561698e-03 2.653376347435884575e-01 -5.492672809451391025e-01
4.934287763495689982e-02 2.942261419194271421e-01 -5.628358945908753519e-01
8.636159149106105437e-02 3.283490745196736560e-01 -5.518613673026994126e-01
1.759759889807608613e-01 3.102217156180278601e-01 -5.294697839105180215e-01
1.977258787912227200e-01 2.742478365014752728e-01 -5.798888666921437895e-01
2.379518772560808015e-01 2.168515192668168945e-01 -5.281105967190777850e-01
2.440682974045932374e-01 1.279163718598231858e-01 -4.846148378653325484e-01
2.637972931633513207e-01 6.380125586353110889e-02 -4.423006034620856619e-01
2.679752391598675398e-01 2.309803547950278757e-02 -4.363364210688806533e-01
2.448776167406518933e-01 -3.104629623297178176e-02 -4.072848677371073700e-01
1.989776811542477708e-01 -7.310434891398129298e-02 -3.767531477258569406e-01
2.293798939145769156e-01 -1.472452066975098728e-01 -3.269373856479937945e-01
2.174615232319591918e-01 -1.954139912942821911e-01 -2.724058402385570732e-01
2.135085169328964083e-01 -1.980645875735100037e-01 -1.960831421169358657e-01
2.142624329300742703e-01 -2.149505865105733604e-01 -1.289655039987281093e-01
2.099819206382607384e-01 -2.205974643862612661e-01 -6.349851895453428874e-02
2.180393895970917650e-01 -2.418271491912257765e-01 1.651945502043795574e-02
2.155850388980048160e-01 -2.953846257202681347e-01 8.578861214312114014e-02
2.304681152409887579e-01 -3.818730323436690943e-01 1.011012761933172965e-01
2.530632289688564129e-01 -4.952950885765488032e-01 1.515406383674187951e-01
2.146553799848733290e-01 -5.051813286597522934e-01 1.404780177718814860e-01
1.778691905824644759e-01 -3.663180492493586793e-01 2.158219127444740149e-01
4.987651071938915548e-01 -4.115129608653424476e-01 3.915345989203317667e-01
-2.220722158354029863e-01 -2.577699870947752769e-01 3.834220852443344096e-01
-8.604305259010527895e-02 -1.067319347613597258e-01 3.839985955326831735e-01
2.088617479359028140e-01 5.570899682521224250e-03 6.039468185957160840e-01
5.466493727098014066e-01 -1.805254279590920441e-02 4.985948439911733754e-01
5.977207151662703444e-01 6.802380747014967477e-02 3.188779969273301540e-01
5.729265924622716222e-01 3.968454291346769358e-02 1.276204665769529734e-01
4.182931451937477729e-01 2.525141561804515600e-02 2.009727263105709136e-02
3.306439594379257940e-01 -3.542507419703395943e-02 2.847586828080794774e-02
1.546358354942772330e-02 -3.179733964107953753e-02 4.625076830237202091e-02
-2.526205515101273558e-01 -9.633879516248722297e-04 1.430707274615383440e-01
-4.758723031692916328e-01 3.865435812013542916e-02 2.140346921147927017e-01
-6.241825902913734625e-01 7.023327548105570695e-02 2.073287543669562472e-01
-6.512510348030895457e-01 9.848729454677296324e-02 1.858091921885517139e-01
-6.809159538632642006e-01 1.386614321839075292e-01 2.046301132145234569e-01
-6.757987359502062308e-01 2.114411039493832023e-01 1.985558369168976267e-01
-6.235569493545263242e-01 2.604815714685941308e-01 1.862427250523585043e-01
-5.036932010427607187e-01 3.542482967837720653e-01 2.537829688357628455e-01
-4.041257379726889698e-01 3.768194627394814145e-01 3.337725808312572706e-01
-3.279378706500737928e-01 3.890213277788142077e-01 2.841994764258088946e-01
-3.325772833455035160e-01 4.101134808923933006e-01 3.902794950338144275e-01
-2.928010979178503614e-01 4.405701345216345710e-01 3.092611914380628546e-01
-3.859978061296933105e-01 4.309687083151335640e-01 3.645598700052559149e-01
-6.474820789304730484e-02 2.513524990806599857e-01 5.382113247847405413e-01
-4.621633424091864395e-01 1.820058264554793581e-01 2.194736745544373924e-01
-1.820523095605183217e-01 -6.624613778959786980e-03 2.727118079309380216e-01
-1.867447143565563183e-01 -1.005452040320487239e-01 3.217717022922337300e-01
-1.624541586059116138e-01 -9.062060614734614161e-02 2.305625716245655044e-01
5.840119031178316392e-03 -1.382664577230975356e-01 1.972523539844545093e-01
1.840699664444810646e-01 -2.954873083242870457e-01 4.778408296926867638e-01
1.795998969737760687e-01 -1.045159627144197079e-01 1.084360663058516888e-01
-1.259647533754638393e-01 1.406093748364776741e-01 3.258404979669487361e-02
-2.534353432766016656e-01 4.971808680123583901e-01 1.557694537152550240e-01
-6.155168218328037621e-01 5.397936433742943629e-01 2.097571050394947123e-01
-9.093657341418432960e-01 5.855799181278824594e-01 1.969256090634451950e-01
-8.479852459842750489e-01 5.183486608587487554e-01 2.021738938832866594e-01
-7.605295289708078332e-01 4.224399203101703582e-01 2.333677844557343339e-01
-6.877638470393970804e-01 4.145922015611119282e-01 2.577375681333225477e-01
-4.530544301201076540e-01 4.548793278429773546e-01 2.877043758437916043e-01
-2.880679034807774874e-01 4.721659995265121701e-01 2.932491495628234968e-01
-1.433636294014873636e-01 4.546281772339911820e-01 2.709048687191348281e-01
-8.224429651437173416e-03 3.213339203169247593e-01 2.481373762387780457e-01
7.847067747734294552e-02 1.262402153230411384e-01 2.691361941981030292e-01
-1.164072890062469445e-01 -4.987859243902936779e-03 1.408383776084456418e-01
-9.343696105169209398e-02 -2.087829225009967260e-01 1.371563485893649015e-01
-9.097008698485539724e-02 -3.863450424690750284e-01 1.870729582476752251e-01
-5.345224245732584090e-02 -5.076163948048896257e-01 1.637528502151023579e-01
-1.070232553509786050e-01 -5.880151613410896649e-01 1.023476924023771772e-01
-1.552113290821414415e-01 -6.437537260019943197e-01 1.572495127785920876e-01
-1.438680952579726169e-01 -6.570853377031219411e-01 2.216254119712292581e-01
-1.534015551662920585e-01 -6.250489227667569425e-01 3.035374825481688132e-01
-2.540672526584884516e-01 -6.083497175667125223e-01 3.685025910533996085e-01
-3.234113685986432785e-01 -6.939609521932490477e-01 4.387266512194029633e-01
-2.468417838741871206e-01 -7.660382191088447312e-01 4.591936933140075006e-01
-1.725240669324415166e-01 -7.993442350259589713e-01 5.864031528887400091e-01
-1.420243555171019634e-01 -6.374617006589996526e-01 7.565033598536676784e-01
5.273592091591526587e-02 -4.571780449112226585e-01 8.540578161022253090e-01
-3.301692744980907479e-01 -3.774415175557396807e-01 1.166941068123247049e+00
3.053553344978131023e-01 -2.482449313093393894e-01 1.151491325993361681e+00
1.067878691807953306e-01 -1.689887518616879358e-01 8.404056698101545209e-01
5.141625959630325982e-01 -1.650964708267915193e-01 8.448326400430405947e-01
5.262510598700289588e-01 -2.930691751430879455e-01 9.644793575046701761e-01
4.390551504205121858e-01 -2.955722349632423085e-01 9.776324635183998302e-01
3.139063962324758483e-01 -2.772667166591630261e-01 1.245763344982660836e+00
2.100542785753276298e-01 -2.179472448543345875e-01 1.609530390504821940e+00
-6.205821283941165278e-02 -1.279041763698122169e-01 1.511506970232138647e+00
-1.467845908273154587e-01 -4.669794485010125840e-02 1.437696956023916339e+00
-3.248209530360418040e-01 -4.308833238301490454e-02 1.613924171454225620e+00
-5.827760961171171150e-01 -3.942022955089019565e-02 1.785802950757067187e+00
-8.772303028142433012e-01 8.665228040229955297e-03 1.756715658830546811e+00
-4.978434093928577608e-01 -1.452006756741082150e-01 2.014368695025039013e+00
-6.300865801064980953e-01 -1.607461594748489375e-01 1.943744702883530406e+00
-4.389203775593415457e-01 -2.275907452079369842e-01 1.840593880924268788e+00
-4.746946160943791293e-01 -2.586990746818479403e-01 1.939732822413377189e+00
-4.683163482785042131e-01 -2.676090826914205856e-01 2.074050286746718097e+00
-4.793950053912300335e-01 -2.381524287273237839e-01 2.001067335841604677e+00
-4.454803219414386062e-01 -2.346753910370329432e-01 1.822425810933758772e+00
-5.068650487568066021e-01 -2.012068575837949735e-01 1.688734175147176497e+00
-6.383435514471653693e-01 -1.558002036199198637e-01 1.493882925764201675e+00
-9.196212978562742224e-01 -1.436191389300051080e-01 1.315537477927613663e+00
-1.169358734522649268e+00 -2.503600278720431449e-01 1.154345967589222255e+00
-9.156017005569805356e-01 -3.368686680616956863e-01 1.100000304841550758e+00
-5.740953160038508862e-01 -4.634477337669873909e-01 8.128859311285208111e-01
-2.048256531074656994e-01 -7.083877741463795452e-01 1.077535341185168916e+00
-7.434497661695878001e-01 -3.424012915018542769e-01 8.973105880364099507e-01
-6.151780462085448820e-01 -1.440999901270767491e-01 8.401442480249529110e-01
-7.154367516778697977e-01 -1.317649129886211967e-01 9.891715670694944951e-01
-7.589062975724005788e-01 -2.120981607608118935e-01 1.244451153210053507e+00
-9.972567546651982529e-01 -8.320914988058791817e-02 1.287204596533040091e+00
-8.857789768410796460e-01 -6.613779991090418253e-02 1.334319979494542396e+00
-8.318182578795060289e-01 -8.622327638570492780e-02 1.302310185588141156e+00
-4.141637387943636339e-01 -2.443438624006745163e-01 1.443268287104304992e+00
-2.958498810318522798e-01 -3.207893293891814768e-01 1.501823340825237496e+00
-7.536054269934877592e-02 -4.673039627055383116e-01 1.558322262397852542e+00
-2.972704663141662040e-01 -5.613307413129643431e-01 1.431254103723163418e+00
-6.477633100411528400e-01 -6.770556655553723324e-01 1.331076980235516682e+00
-6.308560398586047224e-01 -9.420633171454991794e-01 1.551101365740078508e+00
-6.440441548887094747e-01 -1.000900782729001959e+00 1.521969834100584507e+00
-5.692713706718338651e-01 -1.017420202879431912e+00 1.374449513885536378e+00
-6.470543985721151081e-01 -9.276408545117896809e-01 1.251910434048344900e+00
-4.880961559735146893e-01 -8.757549951510571473e-01 1.341392607951099158e+00
-4.142989630340293550e-01 -7.798065387248844793e-01 1.390949866790619938e+00
-2.702851120677757235e-01 -7.109097648577979989e-01 1.383324478828210635e+00
-1.346109527753944213e-01 -6.598764482940255860e-01 1.467050317753880950e+00
-6.077314388891089103e-02 -6.413273349261365830e-01 1.490748373077226185e+00
2.653317060031014363e-02 -5.949433650248561189e-01 1.427897263369390934e+00
2.779285463344038920e-02 -5.677357780379209684e-01 1.399992709879233965e+00
2.243411976732528346e-01 -6.030093102526723481e-01 1.411113612333580791e+00
2.298999256288926096e-01 -5.412883502714570527e-01 1.430121045498329302e+00
4.470222773993243748e-01 -4.126975874260522259e-01 1.470442720668315495e+00
5.107470173040555839e-01 -3.099646650531423520e-01 1.476601511036239156e+00
1.061673557626318321e+00 -5.422309017179930413e-01 1.757940679278219731e+00
-6.294977999614491670e-01 -1.770480795647189076e-01 1.433904112459107427e+00
8.590251812808860632e-02 -3.421358409657255795e-01 1.705670969215026922e+00
5.758942775582737150e-02 -4.160487241344223430e-01 1.401938565536620329e+00
3.222138493258819847e-01 -6.722327985630445202e-01 1.434358878703895224e+00
2.278377305528307417e-01 -5.927066274635526266e-01 1.365829414160610877e+00
8.968694951083289180e-01 -6.640632041240162042e-01 1.534187465922491889e+00
9.289865250464732771e-01 -5.935132572082038038e-01 1.616600491604894607e+00
8.397967053607805488e-01 -4.547393596114256420e-01 1.791076038949594329e+00
7.044094112637153682e-01 -2.685266295859624064e-01 1.838139574298510714e+00
4.785700043415066496e-01 -1.989221319188121395e-01 1.769670095700168977e+00
2.378386799493024395e-01 -2.677244963180327453e-01 1.735633488547691172e+00
7.811947753752862544e-02 -3.514206567621950272e-01 1.770571388110372846e+00
1.094047456840752108e-01 -4.707344168491223169e-01 1.770247172259715951e+00
1.469906054041480448e-01 -5.752250353104153557e-01 1.720932896966657966e+00
-2.206283056695701461e-01 -4.657211135247557587e-01 1.559115323617735971e+00
1.475787343719812961e-01 -5.497939350200230502e-01 1.934141142427140414e+00
-5.697852942249295727e-02 -4.530065816667571132e-01 1.610255057396017042e+00
3.454002461582463823e-01 -4.169477400659438171e-01 1.687606126752248192e+00
2.895069100783357330e-01 -3.522569730017920397e-01 1.765224095622283773e+00
3.009244720529790640e-01 -3.599794941396194936e-01 1.829477164123570088e+00
1.315515302658032959e-01 -4.018589267165844081e-01 1.662193854542519889e+00
-7.945501550201065910e-02 -4.755596517574922077e-01 1.408628086266161539e+00
-2.131627564191563851e-01 -5.971111115368108457e-01 1.056178339269018274e+00
-3.398008589671949187e-01 -6.706452041640789119e-01 7.161390826374983698e-01
-4.303304570217427183e-01 -6.429719039850841922e-01 4.641461046871487306e-01
-3.303456568510745872e-01 -5.480238476437238049e-01 3.227911492705472507e-01
1.421539865221807530e-01 -5.640509667622263246e-01 3.589621089745398397e-01
-9.583957966109579729e-01 -1.841463556541638735e-01 2.546728012798724627e-01
1.528557125921393145e-01 -1.541519145463401408e-01 4.102747013436816026e-01
-1.571048713632194616e-01 -3.953606346207494404e-02 4.595139894202014963e-01
-4.522235709888492439e-01 -6.389095614692907876e-02 8.636633319961688482e-01
-4.191083857349128250e-01 -1.170400274684532116e-01 1.090459263602661544e+00
-3.258487000650298615e-01 -1.125999177460493827e-01 1.386251162956595229e+00
-4.181176201159454431e-01 -1.081771478169069045e-01 1.301446331314809690e+00
-2.929382213151393022e-01 -1.943051647637473733e-01 1.362840018959986299e+00
-4.458610428744425036e-02 -2.830155349949494692e-01 1.287967892909598788e+00
1.967810732111969219e-01 -3.975604225667794256e-01 1.289513328607492237e+00
2.688466916075114010e-01 -4.168819977101588248e-01 1.264823646873303398e+00
7.812727064868611737e-02 -3.867546918369717535e-01 1.176866511489334410e+00
-8.360723280181572847e-03 -3.776592437998422813e-01 9.841296098846754603e-01
1.413707079716053361e-03 -3.397457808310405114e-01 1.042132366464452398e+00
-4.177420408101921168e-01 -2.553260695847072714e-01 5.700083544994416496e-01
-1.547707658016771459e-01 -3.403852834903070557e-01 8.380064101773839758e-01
-2.619665918032492158e-01 -3.632112850873348009e-01 9.216749155478827227e-01
-1.943587507766816880e-01 -3.787809432782637264e-01 9.139867144875557514e-01
-4.398126786730599536e-04 -3.627570625425278195e-01 8.827680937603739064e-01
-1.839847153545498271e-01 -2.758597825319754060e-01 7.108897250152913516e-01
-2.521745353447699123e-01 -2.634877588262565795e-01 6.679279560441874208e-01
-2.326762429012644573e-01 -3.543845380059518213e-01 7.540682485648497746e-01
-3.316603368658517792e-01 -3.956693642846890180e-01 8.203194663358781558e-01
-2.412521014789544838e-01 -3.912365142957944242e-01 8.087956116768098003e-01
-3.320017966498984285e-01 -3.061032142714376070e-01 7.550668315460121738e-01
-9.577459981684896539e-02 -2.811431977067294086e-01 9.404290220123776578e-01
-2.506104743713969407e-01 -1.304382494264962888e-01 1.070971103004602298e+00
3.299536108257185296e-02 -1.205417440945839580e-01 1.191282254211262437e+00
-2.751690188969468931e-01 -1.030774171478631152e-01 1.184509419787118878e+00
-4.415483088357055053e-01 -3.119959319557119581e-02 1.213915491700208849e+00
3.775802314061793008e-01 -1.139012671261577792e-01 1.154420504446846518e+00
3.091626436985663862e-01 -1.836316688478100145e-01 1.021036601400009403e+00
4.127022046055462412e-01 -2.565754951271166928e-01 8.990296061910290071e-01
5.145228102324462816e-01 -3.492589014057340124e-01 7.873548522295179541e-01
4.661872067695701505e-01 -2.596638156365984051e-01 6.855200846798209513e-01
4.599607888728458049e-01 -1.275973243097153209e-01 6.270020968916059090e-01
3.308763983923729834e-01 4.703934527221731443e-02 6.281939029226984994e-01
1.394474736287561467e-01 2.159961244342500919e-01 6.671067806887750473e-01
9.792482742171232379e-03 3.337437845533618996e-01 6.341307597694212372e-01
-1.124903254173290346e-01 3.360261683575113123e-01 5.769506818069226606e-01
-1.211894018783082894e-01 2.582329253371260513e-01 5.908419039668804107e-01
-7.348229298244775276e-02 1.038269725661423726e-01 5.856863485474039788e-01
-4.213626728867280596e-02 -4.943507766028479300e-02 5.240874888534348131e-01
-3.516999988258505683e-01 -7.128125233505239189e-02 3.357040353606779992e-01
-2.084789268040092292e-02 -2.154121505757820298e-01 6.395994748286643050e-01
-1.055839953869820852e-01 -2.510331922593322385e-01 4.083168023767953514e-01
-8.559634730549625647e-02 -2.821511574179632609e-01 4.026718630009558653e-01
-7.363967636289037166e-02 -2.418686675362380356e-01 4.059777720890807018e-01
-1.339238661588074697e-01 -1.480248750780765732e-01 4.501160189020133595e-01
-5.658145913602533050e-02 -1.372258938305363218e-01 4.517443324275896566e-01
-1.538278984366675262e-01 -1.914576925898419935e-01 3.191782087169045545e-01
7.893888240902285913e-02 -4.209274844321289066e-01 3.270969407234716186e-01
1.243138774291526472e-01 -5.367623964857677343e-01 2.684311254947630565e-01
1.949640698373050207e-01 -4.960102650898261523e-01 1.472311464296701122e-01
3.637924033932073975e-01 -5.175263874885873694e-01 1.258926983919499143e-01
-5.472773891874606056e-01 -4.745576040456307432e-01 2.998429976883176112e-02
1.982021713075532987e-01 -4.817744308463206560e-01 2.640963895657703064e-01
-2.486393890253905670e-01 -1.922270556247785145e-01 9.617815574187729699e-02
-3.938435814126027557e-02 6.361888688995068208e-02 2.801123825443720405e-01
-2.731397992369969385e-01 3.574335800389171203e-01 2.651338712392968255e-01
-2.728113026712469802e-01 5.172484904946815787e-01 2.281827127321230109e-01
-1.682808441105516639e-01 5.107033944607320963e-01 2.165512163108907207e-01
-6.485293861033504526e-02 4.454193803958150788e-01 9.456640015572338742e-02
1.142350141797871810e-01 3.903594156935655812e-01 -1.739854909818376594e-02
2.445984859862022909e-01 3.262407846002135514e-01 -1.401440427763333274e-01
3.182520418661637929e-01 2.331480925914506952e-01 -1.894823034955664121e-01
2.870572953764381485e-01 1.576082220271141920e-01 -2.479565241279531873e-01
2.156619332273733702e-01 7.513244214949223176e-02 -2.475005129636808077e-01
1.422164657675108468e-01 4.800429391340793606e-02 -2.162853099067839624e-01
1.942568714478150327e-01 -3.337379393237076275e-03 -7.254703357197084257e-02
1.350653870800727629e-01 -3.116717177550878265e-02 -1.061555750652128788e-01
5.642206258639807792e-02 2.102460679423286127e-02 -1.551470863330809691e-01
8.304954745897566437e-02 4.091715814431821918e-02 -8.582456875657579198e-02
8.187681476028933758e-02 3.895856407392490894e-02 -6.526549347861515527e-02
1.512162578543411184e-01 2.154364613847824239e-02 -5.210831191460193329e-02
2.271569084407438766e-01 -4.459304706831820897e-02 -6.158095785879163370e-02
3.731481134275614897e-01 -1.267201453661291888e-01 -4.626059958365014158e-02
3.841281701330112597e-01 -1.686548658896096509e-01 -6.895051384886269341e-02
3.751633631181863215e-01 -1.945900140005014378e-01 -6.477936620665977752e-02
3.960127354530856847e-01 -1.809055130942719969e-01 -6.948691781956213565e-02
2.653034514515606457e-01 -1.516946141970981210e-01 -1.000924361851732031e-01
1.868543013669553277e-01 -9.702500465673867536e-02 -9.034187037042604174e-02
1.357239014755662054e-01 -3.515296559508467034e-02 -1.192780080826271252e-02
9.257292024857097790e-01 -2.047965863885459759e-01 3.711320424185585720e-01
-4.288196260874312937e-01 3.731581097912581128e-03 -9.355765440489285933e-02
2.167610356948310169e-01 1.832678306522333989e-02 3.799733707564050267e-01
5.653461869507299120e-01 1.301857462073531535e-01 1.746339839484431222e-01
8.254741265006425577e-01 3.232365601627437690e-01 3.113161187857732548e-02
9.038066156183269806e-01 4.267496936836323029e-01 -1.007812543108681652e-01
7.653756210884860023e-01 5.375178739859459709e-01 -1.677120828653779760e-01
3.600101339536094791e-01 6.339181575481267483e-01 -2.469829962638978305e-01
2.207226555199642143e-02 6.681306206770545320e-01 -1.900959489523541268e-01
-2.260281502620596905e-01 6.477811135427040679e-01 -1.497653078803174442e-01
-5.021499909181480481e-01 5.617539849878460112e-01 -1.312922187152724407e-01
-5.879459549373290406e-01 3.810414725177637685e-01 -6.039333982590054661e-02
-5.848387168748462317e-01 1.662792294076282096e-01 5.364222345120231439e-02
-4.971770236905541096e-01 -3.786777046907903455e-02 9.923876716235097151e-02
-3.903010761831098852e-01 -1.846901569747790850e-01 1.786468839021204402e-01
-3.976694872971311967e-01 -2.161932384345555958e-01 1.633217132931695514e-01
-3.066576423039184540e-01 -2.706194803734403576e-01 1.666289490485107772e-01
-3.250488817391415375e-01 -2.837583720923810837e-01 7.958023795274414558e-02
-1.778661215882494095e-01 -2.965206981229746019e-01 1.763027485004640127e-01
-2.392856920194564585e-01 -2.446608136872857608e-01 1.209345453567552964e-01
-6.926809165522931910e-02 -1.682301200514361716e-01 1.396438042339226970e-01
7.292153035288745019e-03 -6.786491497650393168e-02 3.607087956152197489e-02
1.137967053172914689e-01 -4.082456490290603188e-03 5.623704780600072284e-02
3.326407330736477763e-01 1.507301299561848718e-02 -2.318285074058240580e-02
3.342877818190864714e-01 3.766218676526571218e-02 -1.177933455698286780e-01
4.822215667696308494e-01 -1.655084725430203130e-02 -1.989616821586692175e-01
1.733960182065418909e+00 -4.776168861748315564e-01 1.824302783485182433e-01
-5.937670678444648686e-01 -7.326594553042203861e-02 -7.539621460484075000e-01
5.254687071013497413e-01 -2.285147745382682671e-01 -2.099598400265166309e-01
-1.889023270953601175e-01 -1.280182334183807003e-01 -3.094663652279429633e-01
-4.865005727149359083e-01 -1.957379005843182251e-03 -1.713946299055688904e-01
-4.565403320084525651e-01 1.791883250597892663e-01 6.509184655490732330e-03
-6.475455188758126868e-01 3.895859752391720443e-01 -5.429212670173975963e-02
-5.127373911196094758e-01 5.103673584966463839e-01 -5.822630746503178883e-02
-1.205224083734371399e-01 5.142375613886737140e-01 1.209991494098061060e-01
-5.270522618885196270e-02 6.141572507518113788e-01 4.813707003296653630e-02
3.210065908992091877e-01 6.124785806279595679e-01 8.212431196806441180e-02
2.720356258044665521e-01 6.148597427796455017e-01 -1.013869412849634360e-01
5.850182339017692135e-01 4.518518921991822590e-01 -9.839766432427883569e-02
4.186546343189498365e-01 3.633405284679779301e-01 -9.490695461280471146e-02
3.378957335764068981e-01 2.736668055223134832e-01 -1.172414774176535335e-01
2.896626362157578294e-01 2.044910782015803008e-01 -1.061456043719791742e-01
2.809880693081971414e-01 2.006269248663275218e-01 -8.730158051909922556e-02
1.783604435842320590e-01 2.573074563604978993e-01 -1.732396808809300026e-01
8.669024662663933622e-02 3.616818077430457579e-01 -2.122579242066946759e-01
7.845386345733570965e-02 4.328888464374873735e-01 -1.574631365197556865e-01
1.120484237445963649e-01 4.909713946283986719e-01 -1.056857149949630009e-01
2.829578627672704183e-01 4.589831195358683447e-01 -2.631311327648929582e-02
3.616694012346823861e-01 4.239938317620615127e-01 -1.552630818812736346e-01
2.478947246489686118e-01 4.038649403095256885e-01 -3.241794882461458693e-02
1.668094603363834971e-01 4.032317268208460703e-01 -9.331363742435022646e-02
2.247253334396180080e-01 3.722166769741389047e-01 -1.464428644345026065e-01
3.039634380581507367e-01 2.547903731712951592e-01 -5.411119964573838509e-02
1.118024692065479747e-01 3.148088357666031789e-01 2.360787713382861419e-01
8.557888529471090189e-02 2.493196384201774030e-01 4.125052392087554670e-02
-6.201456745462673170e-02 1.994332622836005042e-01 -6.380611011757543471e-02
1.592286478802610594e-01 2.450427958560097985e-01 9.215369233673564864e-02
1.199097539597556716e-01 3.100824046055766781e-01 -7.844437037375151522e-02
4.696665771770304199e-01 2.746672820575214446e-01 6.894102576801776350e-02
1.983577053334862617e-01 3.004328451401998556e-01 -7.834137334000816633e-02
2.823043266606058976e-01 3.081289884009147384e-01 -6.180960414636962191e-02
3.344611656479597184e-02 3.968647593173718624e-01 -1.300537955605242380e-01
-1.592668192976275654e-01 4.551006129087684648e-01 -1.299146957156124271e-01
-4.034859072423830351e-01 4.788940253320568274e-01 -1.088082365221058612e-01
-4.808199180434097886e-01 4.195222625247738701e-01 -8.212145748111997212e-02
-5.173212777426334785e-01 3.400640644293417836e-01 -1.017603412461144663e-01
-5.489333648009371291e-01 2.944552215446133991e-01 -3.045453231350100237e-02
-5.144648304181812515e-01 2.941005742330097261e-01 -7.269046228774397878e-02
-3.860768192200280113e-01 3.582162244376457250e-01 -3.726149180567051022e-02
-2.683855108282878210e-01 4.135896038622238757e-01 7.749281034088090214e-02
-3.532106504311773310e-01 4.790067311065949740e-01 3.174195138234234270e-02
-3.307048482082621810e-01 4.585241060653201250e-01 -1.692428268935843375e-02
-3.014882516855674766e-01 3.347366700637821602e-01 -1.035400497401396530e-01
-1.834221843308614652e-01 2.200343922640948247e-01 -1.283884369102838430e-01
-4.139736491884835751e-02 1.409061959928547825e-01 -1.490652304684056684e-01
-8.431607144912449392e-02 1.022696825047473557e-01 -2.603679361015183158e-01
1.591797483651427939e-02 -8.388408711442363330e-03 -2.000496312878229099e-01
-8.104072104619566841e-02 -4.143422496159945845e-02 -2.324536141924755939e-01
2.219382289961093976e-02 -1.031979799658533370e-01 -2.928701237000251867e-01
-1.677701663432777657e-02 -1.607056012440028769e-01 -1.929694261551685441e-01
3.652712684089131079e-01 -2.408386567653985066e-01 -4.999172495906056835e-02
-5.737225888142835073e-01 -3.038943098395420483e-02 -3.828154913972370843e-01
4.152260382322303656e-01 -2.862993508630942707e-01 1.072310356675583165e-01
-9.222895692521605737e-02 -2.858970417101410755e-01 -1.902522347092839572e-01
3.479612267897508326e-02 -3.912229168857701556e-01 -6.464249872103847161e-02
-1.810719241730590068e-01 -4.314430121609923452e-01 -1.511444992836848966e-01
-2.483022339429171166e-01 -5.948262626494262850e-01 -5.897983116687057631e-02
-3.695824752919110168e-01 -6.955578110302620409e-01 -2.432587395951615883e-02
-4.972710444390001649e-01 -5.647002436053183416e-01 1.218148763765736914e-01
-2.496790703856261451e-01 -4.698951658134635223e-01 1.365167532374952641e-01
-2.629902822538604523e-01 -3.439621620707333793e-01 -4.443073319968210422e-02
-4.881589085493189678e-02 -3.186972743161297084e-01 -9.038377684910575693e-02
5.873807380213406232e-02 -3.225369494227193212e-01 -1.248187465691802805e-01
1.189590841052968889e-01 -3.624471475055149883e-01 -1.386655881967273907e-01
1.336738499728617746e-01 -4.315471960567798249e-01 -1.534958386894058613e-01
1.877757504556665236e-01 -5.186762754142053566e-01 -2.293014171680122781e-01
2.318561040651305194e-01 -5.497352887950832656e-01 -2.564300823852887490e-01
2.383621104874684704e-01 -5.477866642038632383e-01 -2.481071687947851434e-01
1.943876187570697800e-01 -5.090663468373722855e-01 -2.209202412175226005e-01
3.510889023325979297e-01 -5.366629966603747581e-01 -1.301433322740664644e-01
1.644905797799811054e-01 -4.779194264036397133e-01 -1.709609696265838308e-01
1.916769204743953015e-01 -4.753640109458182050e-01 -5.905883832210350598e-02
2.578082089206121807e-01 -5.017787183470501233e-01 -3.549956897115447846e-02
2.894109921170198163e-01 -5.599290914118858487e-01 -4.589926933516971785e-02
2.683025635055155123e-01 -6.420988932557956108e-01 -7.518074230846129302e-02
2.370818191588106583e-01 -7.031013205066036775e-01 -5.811209470686207190e-02
2.611617820814302049e-01 -7.334025193590494318e-01 -5.469521605086502536e-02
1.518789456864351184e-01 -7.322274596307729588e-01 -6.641584270218889308e-02
1.472126083790073758e-01 -7.634705960298786565e-01 4.091971072760516165e-02
1.170616627706422830e-01 -7.582426570737412774e-01 3.786350422406023486e-02
6.771729182703091487e-02 -7.593161103985102134e-01 4.940845477132657648e-02
8.023145546177541665e-02 -7.099338608217342639e-01 5.237952600235681183e-02
9.475178641289640213e-02 -6.671312914026126251e-01 3.691576510174877923e-02
7.726152495424093436e-02 -6.114022587615323134e-01 2.279378404393328852e-02
1.057159475031836798e-01 -5.626473139230344644e-01 2.885523009262831728e-02
5.288207370725492990e-02 -5.076933309213537138e-01 4.516548876522045314e-02
9.760891778544654451e-02 -4.859333466331785534e-01 3.858511487132185863e-02
1.192082418754737139e-01 -4.504409741463182293e-01 1.018083721118969026e-01
5.266248162523129439e-02 -4.208161161804535588e-01 6.316885967683111280e-02
3.926688567799634100e-02 -3.991308599073410956e-01 9.179318324242580207e-02
7.848272468101145927e-02 -3.807869263362277934e-01 6.985113032050951909e-02
7.014720697927874504e-02 -2.955460999018363344e-01 1.962048857240868485e-02
3.887752533689665252e-02 -2.110635253680754331e-01 -4.337211479601551373e-02
7.587898449295558262e-03 -1.101924344157343416e-01 -7.126453880898453441e-02
-7.702265640491784415e-03 -2.176157441087452765e-02 -1.262427220720595544e-01
2.648294790684459568e-03 4.066508582147838891e-02 -1.763125548758040784e-01
-1.001478237515101774e-02 4.743398587458104443e-02 -2.066636393830041940e-01
-2.963714010012844305e-02 4.436264252309431166e-02 -2.223032612560002785e-01
-5.274137474526287284e-02 4.995597121786596317e-02 -2.341739738114795577e-01
-3.935015467384074539e-02 2.645394216267164811e-02 -2.427349186359450128e-01
-1.587808441918034039e-02 1.229843605414744634e-02 -2.299194421418063183e-01
-3.438208550343511277e-02 7.002022387221112920e-03 -2.097223979238348468e-01
-1.086158370847101554e-02 6.765205805598598077e-03 -1.509241394103401079e-01
4.328573004437579613e-02 4.834248589862761430e-02 -1.298374218038328420e-01
1.009686810306834395e-02 3.809852210281368390e-02 -8.454468139445946162e-02
5.957907742514544081e-02 3.725674889747387225e-02 -4.234730465754703993e-02
4.706950540707171421e-02 4.561606659875791503e-02 -2.544663708216332934e-02
3.537633734778207473e-02 5.136536314911665374e-02 -4.222230207384821549e-02
-1.673552311956615080e-02 4.241329995321940077e-02 -4.319474958826252653e-02
1.612477387711293633e-02 3.164624593101074412e-02 -8.468165285872711334e-02
3.779489980543245670e-02 3.089253804342582954e-02 -4.212173950506804126e-02
3.294192426689004222e-02 3.811897101978497376e-02 -2.187955662227356046e-02
5.475629760596013168e-02 6.107092639893089286e-02 -2.771927503135480919e-02
6.913923643985692147e-02 8.399517409376588972e-02 -2.171909177363370164e-02
7.384924484718635718e-02 1.029092962332896766e-01 9.829824681516732832e-03
1.487052311707414420e-01 1.043815883966503211e-01 5.489924531583860456e-02
1.601689840038442725e-01 1.341975064302380061e-01 9.723882646393103291e-02
9.827644580296565624e-02 1.236329267879375665e-01 1.312856195292737560e-01
7.308113285889240862e-02 1.057290720317756449e-01 1.200464759889290356e-01
5.665381801667605799e-02 7.600514813144182424e-02 1.090178644243728484e-01
2.849036469436061481e-02 4.195073496159788806e-02 8.064605516554483600e-02
-1.507948911450697482e-02 8.248396057130111259e-03 7.272107526384759268e-02
-1.957833440372717254e-02 -2.117595437786529144e-04 6.626610227613702331e-02
-6.007621363492118838e-02 5.177129280855355398e-03 6.564711196009023753e-02
-8.435781043315153382e-02 1.833437111770998967e-02 7.269464898905936279e-02
-7.632788165300982697e-02 3.358138008984876133e-02 7.868671734559293252e-02
-6.600294766122692669e-02 5.136563253970681531e-03 1.036830560022576758e-01
-4.846942945620684451e-02 -5.097199639242431385e-02 1.288364562845488726e-01
-6.379219620166680371e-03 -9.761843501079704721e-02 1.321033579023655202e-01
-5.446993625812489304e-02 -1.198949983724509616e-01 1.146323062155943928e-01
-9.678310834902155435e-02 -1.175940294764143690e-01 1.290024369994681452e-01
-1.408563382500762351e-01 -9.819764781878151383e-02 1.665646098024387289e-01
-1.649180650708189644e-01 -6.040806694472891647e-02 1.906545891666347470e-01
-1.818872146565545522e-01 -5.645792061522271477e-02 2.057701842694555083e-01
-1.830776916645654173e-01 -1.327078680285302126e-01 2.120341281518060561e-01
-1.683080477736277614e-01 -2.334062414580224398e-01 2.424340886943698870e-01
-1.398510829555143775e-01 -3.234226124232324473e-01 2.929796532534323372e-01
-1.047885701466663294e-01 -4.014372239003847764e-01 3.321098628056227686e-01
-1.270903331068168329e-01 -3.903772793322663470e-01 3.866785609119492984e-01
-1.516316610829012423e-01 -3.690763340228079281e-01 4.468838786928042150e-01
-1.455511129528984093e-01 -3.740001438153279789e-01 5.010505025267277812e-01
-1.565865430660580704e-01 -4.353174198870432554e-01 5.030999032592924358e-01
-1.643541656779529125e-01 -5.806425248301286812e-01 5.328064382514510200e-01
-1.964867154148422779e-01 -6.855534886029364117e-01 4.970681156177998994e-01
-1.861297163287430612e-01 -7.193417332949915144e-01 5.079716619473365613e-01
-2.377850735211994859e-01 -6.350108598975739982e-01 4.742595827568078515e-01
-3.105266284412438460e-01 -4.696345651641442021e-01 4.429429955536027808e-01
-3.552010048555296340e-01 -2.995182691886074111e-01 4.630549693642030951e-01
-3.946483321311037296e-01 -7.795995181813114572e-02 5.157472096731623434e-01
-3.488591348663736547e-01 1.840635304907683178e-01 5.640436432533917355e-01
-3.163311361079619299e-01 4.684100536899213907e-01 5.707947163033756377e-01
-2.556166199743977741e-01 7.328137315956473330e-01 5.274257536504326493e-01
-2.636275102375519319e-01 9.094847961092095145e-01 4.942912427164163347e-01
-2.790425898419896522e-01 9.174810533744131025e-01 3.885028681210122015e-01
-2.857022229567953708e-01 6.819330059575243741e-01 3.460222297328318652e-01
-3.755235501087312300e-01 3.474678206437524230e-01 2.859380135218407282e-01
-2.674146018529488522e-01 3.488714652475560785e-02 2.065471691798004272e-01
-1.899706828264920433e-01 -1.316253897627117642e-01 1.756179229727154179e-01
2.379083475206869233e-02 -2.924446285717224869e-01 5.432491881583478149e-02
-3.107936201485881345e-01 -3.667762302395819463e-01 -1.992004455758909082e-02
2.056429275282730951e-01 -3.042377130977405586e-01 7.012948335513648213e-02
-2.320410422195082478e-01 9.835937012025193493e-02 8.325622968422052850e-02
-3.067030451435727723e-01 4.918721265299219048e-01 1.675975926933082061e-01
-2.544169301010230644e-01 5.069898165954136449e-01 1.668529002460548138e-01
-3.306820930635164801e-01 3.270506073691706317e-01 1.982257844191528395e-01
-4.033082060281849013e-01 2.619659664625283435e-01 1.396879491354950653e-01
-3.042323027522653156e-01 2.441059397486591565e-01 5.315603649142770781e-02
-3.393442906578608143e-01 2.539593040009041625e-01 2.297336279889515553e-02
-2.713405117204237271e-01 2.775474874741882814e-01 -2.361276724706243973e-02
-1.763039934277051968e-01 2.639756147237291017e-01 -7.144195939833268560e-02
-5.003197175505723349e-02 2.118154340003658431e-01 -7.791449194814677182e-02
1.181145358983864135e-01 1.336169512260580727e-01 -8.831001164399206182e-02
1.895915213467509741e-01 7.599859739403834469e-02 -1.393659615313701527e-01
2.599809952880910435e-01 2.113305018951740222e-02 -1.834027377213898469e-01
3.154396423479430833e-01 -4.809361096846963279e-02 -1.885829183367764839e-01
3.331507908713547406e-01 -1.145524993891133131e-01 -1.690080629126849976e-01
3.157901760286265236e-01 -1.479537501620062367e-01 -2.055748106500592809e-01
3.117819792100144927e-01 -1.470588387196365698e-01 -2.124221019958093815e-01
3.700402029643864998e-01 -1.731315340815864634e-01 -1.598510105524269531e-01
3.638214095956568417e-01 -1.595784648008021500e-01 -1.046698703765724658e-01
2.927465853835149456e-01 -1.322409494737974422e-01 -8.154617071672309869e-02
2.705361110322802021e-01 -1.433464783875132431e-01 -1.057708077137921310e-01
3.421153973814829996e-01 -2.354360306921920998e-01 -1.028925111580778207e-01
3.393033338335514904e-01 -3.652278188232439549e-01 -4.731971870217765302e-02
3.449541025670221361e-01 -4.286320176751440281e-01 -7.770948712297259808e-02
4.224758758295030225e-01 -4.258294652963203752e-01 5.844046811537660646e-02
2.851256324289723754e-01 -2.570214961025016898e-01 3.875993454858096821e-02
7.779634805116003582e-01 -2.793025035588040383e-01 2.149218435130811344e-01
-2.626568677627306725e-01 -9.622830686115774190e-02 -3.065195867524930090e-03
5.076610982664508942e-01 1.623100586710660154e-01 1.754805471301477127e-01
6.240666810658893615e-01 6.083895752030676896e-01 -1.541166343151716411e-01
9.207013357186542013e-01 8.937354076226415867e-01 -4.838031272092773172e-01
1.376719051326410481e+00 9.756410325205151501e-01 -7.499923227581816176e-01
1.667570205616025314e+00 9.994229386537489823e-01 -9.382249307066153898e-01
1.635272721540422136e+00 1.029054862920426361e+00 -1.296541846419005939e+00
1.720199379185514355e+00 1.012191340416070284e+00 -1.466837065996592138e+00
1.394644362495091716e+00 9.878445236357387138e-01 -1.346903918012542833e+00
8.543774665838432814e-01 9.510509958839684641e-01 -1.382265108207497928e+00
5.771386609457660466e-01 7.657962070717466707e-01 -1.144692191509252499e+00
1.629303903714706958e-01 5.663622592494187424e-01 -9.746652106684090544e-01
-7.277339246582895105e-02 3.077319735513525112e-01 -8.225911104280206887e-01
-1.379945688282596117e-01 8.625072708347819583e-02 -7.166096742331031777e-01
-1.922936580535920537e-01 -7.640816314563705913e-02 -6.397195924427185876e-01
-3.153053375822181259e-01 -1.637986845373820832e-01 -5.823387828420727441e-01
-3.432144545902572341e-01 -2.202136952853190888e-01 -5.517477758605801030e-01
-3.942353801110396461e-01 -2.080360333813098261e-01 -4.838266451753919783e-01
-1.654492216776950186e-01 -2.588617088926040144e-01 -3.958979767950901452e-01
-1.883080891619738351e-01 -2.555744147370962449e-01 -3.907074069351090251e-01
-2.363357689128367245e-01 -2.717060847300047932e-01 -4.122751560524471892e-01
-8.780723054433561825e-02 -3.568373715172045713e-01 -2.584875889377020730e-01
-4.512975824866025110e-03 -3.396016000573792715e-01 -3.417204840928797505e-01
1.402470095934579275e-01 -3.925730019326831299e-01 -4.162276231806991689e-01
3.884496673938649391e-01 -4.790692586393413555e-01 -5.316462828096776283e-01
2.629218494241653548e-01 -4.640164942736217935e-01 -6.464925222331611154e-01
1.114525531770372835e+00 -6.015159365151715454e-01 -5.426170040749218604e-01
2.237292551777916305e-01 -4.043576146846629138e-01 -1.326762327801826125e+00
4.773479259916917905e-01 -4.344149671469386131e-01 -9.071742581864602473e-01
-2.838112313996740688e-01 -4.189127577505800670e-01 -9.054095848179455341e-01
-3.824693033396589503e-01 -4.915984007899498742e-01 -7.782941436196471052e-01
-3.781852410328127023e-01 -4.295006295251601047e-01 -7.741845499539786735e-01
-5.439014143564169235e-01 -2.886590655076961554e-01 -8.298391826910276325e-01
-5.449853652399390125e-01 -1.299785936666011665e-01 -7.279865676643649808e-01
-4.717465791235955219e-01 6.509313518131798482e-02 -5.728862116122642734e-01
-3.556030277647840854e-01 2.404011533162224989e-01 -3.876272319287542012e-01
-2.381782534193993273e-01 3.662311514741080076e-01 -2.989887294113834360e-01
-8.163581135307043657e-02 4.283005244796858069e-01 -1.070081069319140377e-01
-1.120135602944487274e-02 4.371618216813861202e-01 -1.793491043505912597e-02
1.542871023090832683e-01 3.974929296039467763e-01 6.604266643570870510e-02
3.022430398154600240e-01 3.169062235463021016e-01 6.838635357095365630e-02
3.573659711783802040e-01 2.622364477395663362e-01 9.178585519385235036e-02
4.218740458781460312e-01 2.359116077164248593e-01 -2.713375767491740809e-03
4.499976025687771330e-01 1.812789094571644888e-01 -2.350621078298353178e-02
3.851049160225435419e-01 1.492451961199277033e-01 -3.528163743875198377e-04
2.667228260984333410e-01 1.837369161048565402e-01 9.779689881548384034e-04
2.323774603226030633e-01 2.128652755233830796e-01 -2.075560221654046064e-02
2.391802452854989158e-01 1.725879147276746517e-01 -4.308924618882871427e-02
4.355731034320223793e-01 2.976222128279225332e-02 -8.893995600915723110e-02
3.332065643760946383e-01 -1.890549062010728198e-02 -1.558187547861057676e-01
5.123147261176019818e-01 -7.775040828597862275e-02 -1.939033485409936974e-01
3.926182747596783651e-01 -4.761058599411244208e-02 -2.171014028674871921e-01
1.079981010780720396e+00 -2.334165915797878355e-01 -7.109697888326936555e-02
1.398211051934300508e-01 -1.380889325071701368e-01 -6.017629898768434016e-01
3.180005801206248206e-02 1.811030180620001873e-02 -3.786850259634222948e-01
4.381182993716180030e-01 2.872812088007277165e-01 -5.651215022689493050e-01
4.947946029218411312e-01 6.542229691110638123e-01 -1.035904744696114488e+00
5.702452571827790750e-01 7.873771404440048638e-01 -1.030067006072793445e+00
3.222118057636300659e-01 8.598624487980566222e-01 -1.101426912434297911e+00
2.775781703189201255e-01 7.905626247974224530e-01 -8.877093366444956946e-01
1.334586667599747256e-01 7.957334660267374460e-01 -8.516323061554941232e-01
-2.402344314811962755e-01 7.914743482492557769e-01 -8.721713029097681869e-01
-4.138314182605362102e-01 6.517016866862710422e-01 -7.878127850960167100e-01
-5.190897186589004120e-01 4.417927604660098484e-01 -7.323466396259675770e-01
-5.813916634418978546e-01 1.735082813294054338e-01 -6.494951685789347451e-01
-4.591864580314078959e-01 -1.733485824759795624e-01 -4.593645175763346189e-01
-2.593209973455867234e-01 -4.635904266562509424e-01 -3.737415461978575992e-01
-1.573501412145079659e-01 -6.405007450089975629e-01 -2.542207671959422211e-01
-1.473342192112299665e-01 -7.274019370440120147e-01 -2.371589013742395613e-01
-1.848154947347266375e-02 -7.564658183821642012e-01 -2.206583992905373770e-01
1.037136772423974673e-01 -6.728948837955643913e-01 -2.159355995722193333e-01
1.110739349524577924e-01 -5.253911937201197757e-01 -1.884135661159378194e-01
1.361704617547146445e-01 -3.476473691596312920e-01 -1.480555546674788281e-01
2.273923456650234487e-01 -3.225485063006487962e-01 -1.601861326026034482e-01
3.871927889257640309e-01 -3.316565372513953225e-01 -2.947089939640503697e-01
3.470324280876225798e-01 -3.076294891670134923e-01 -3.015362833017801725e-01
4.253241448413723758e-01 -2.497757519455592323e-01 -3.167988612053170838e-01
7.496581681478760029e-01 -2.317261462509371261e-01 -2.722510124459781577e-01
6.830637949103590678e-01 -9.781184159447187110e-02 -7.584160856736602563e-01
7.212003878120373246e-01 -2.514648277975001234e-01 -3.731682134929775740e-01
-1.158354231107825150e-01 -2.548169576931063052e-01 -2.217724595137450239e-01
-3.727045821653643953e-01 -1.265474154724264277e-01 -1.926813481377744608e-01
-4.742845918721873000e-01 3.667789238891823456e-02 -3.088687282852372595e-01
-4.584479875569799079e-01 2.467706685223352014e-01 -3.872382250127109349e-01
-4.558313479196417495e-01 4.444420858593506884e-01 -4.735709426693662238e-01
-3.863577505988860517e-01 6.404755309656932072e-01 -4.954948033707139432e-01
-2.729319203849713826e-01 8.287387998504874842e-01 -4.727776627034586676e-01
-1.500430923413977324e-01 9.208263610889179107e-01 -4.549077067651994266e-01
9.787865091835097620e-02 9.023685088402035870e-01 -5.151850213902873232e-01
1.398523313796022904e-01 8.089909736871792045e-01 -5.241234243394964354e-01
1.640692952195398902e-01 6.565328313828497908e-01 -6.265701502095213371e-01
4.135717539189694980e-01 3.774699597011144103e-01 -6.426621529650136111e-01
4.744947945884873119e-01 1.493427165803743462e-01 -6.171497400702873337e-01
4.904176650971152074e-01 -6.493411616349664683e-02 -6.919847496381400509e-01
4.119073639888823357e-01 -2.230979261394249180e-01 -7.490811022606417291e-01
3.588006676295747432e-01 -3.686278174290239518e-01 -8.047296405346864301e-01
2.923542673233880951e-01 -4.452793631409280861e-01 -8.623456132013513908e-01
3.203304571911884668e-01 -4.746316456281575724e-01 -9.171089153230337354e-01
5.362802690992658494e-01 -4.776639126841507044e-01 -9.830109006145796302e-01
4.671500892996924836e-01 -5.098608645873730083e-01 -1.153720657787449921e+00
4.212300477906627538e-01 -5.747872565679048584e-01 -1.079726409462331116e+00
4.649844574742502123e-01 -5.253243116074908237e-01 -1.082623672668159287e+00
1.844109822772128648e-01 -3.593192917324876112e-01 -1.075156915396267676e+00
9.335967758858916277e-01 -2.795563519071882497e-01 -1.019301791563623327e+00
6.104212836351480265e-01 6.574404008919843001e-02 -1.593399108701259559e+00
2.117276267734140294e-01 8.201836784921323620e-02 -1.631789699894643064e+00
6.548121118546517128e-01 7.199613073725952272e-02 -1.782417601800519558e+00
1.441776418179475883e+00 2.832714935353251029e-01 -2.185779932078439458e+00
1.079270380431904153e+00 4.924429108741625871e-01 -2.384823208194509547e+00
8.204912425514145902e-01 5.920571394283673516e-01 -2.389625870620824877e+00
6.202685436097920002e-01 4.974279314124926410e-01 -2.392425110664256227e+00
7.308567789612883114e-01 2.176772903471846377e-01 -2.361804741440629130e+00
6.715805370541881869e-01 -6.313420195799035461e-02 -2.255015974949432067e+00
6.428118826441815425e-01 -2.734711051814529004e-01 -2.198936186863156284e+00
7.750328314828607290e-01 -4.149059690821427226e-01 -2.145755429820851212e+00
8.257887089473436859e-01 -5.142908570284403513e-01 -2.097473218606862755e+00
7.919947420458768317e-01 -5.637684907428198722e-01 -2.103303857601713123e+00
6.785296053244800341e-01 -5.456671387369306236e-01 -2.077723288699642623e+00
5.694302248269378364e-01 -4.753873806411030856e-01 -1.999399983259661173e+00
4.818451169947100543e-01 -3.864391569478639044e-01 -1.917424941394259230e+00
4.330617972848773700e-01 -2.775575013925684065e-01 -1.750303454590119046e+00
4.671828722674147283e-01 -2.167487270278466438e-01 -1.620342370148289746e+00
4.583463704884325196e-01 -2.384991433233150104e-01 -1.399148073539439707e+00
6.528645634347033377e-01 -2.932459445861852476e-01 -1.308001039701792489e+00
8.069671978898286246e-01 -2.817903872155725908e-01 -1.295120370141608301e+00
7.841816185954888496e-01 -1.811668301498765565e-01 -1.251917426657767063e+00
6.359921171642672899e-01 -9.396557793211757215e-02 -1.158395984783612942e+00
6.964154074666502048e-01 -3.472753693711205791e-02 -1.194888475409877193e+00
4.684868061693305830e-01 2.401003971109227919e-02 -1.213893061807477247e+00
1.588207793843490201e+00 -2.226563516682722454e-02 -1.030932732056467183e+00
7.904967965926935625e-01 2.778538118008759827e-01 -1.700339671681341702e+00
1.574029074967969288e+00 4.193873092817290704e-02 -1.234920796345504446e+00
7.476283935927928725e-01 -1.569584065893997460e-01 -1.342601443334460631e+00
6.496235016591791478e-01 -3.505242141020120661e-01 -1.548576028133340499e+00
3.398589839546893865e-01 -3.629197572901641244e-01 -1.810052110812762072e+00
1.044070128643800333e-01 -2.957733259546363458e-01 -2.089541062602616073e+00
-6.864011385362051021e-02 -2.155599155009014778e-01 -2.218847997807287253e+00
-7.200370737180919467e-02 -2.852246457737561691e-02 -2.206511111503440592e+00
2.248233733111651422e-02 1.811088521860183542e-01 -2.174061977378748622e+00
2.118056352638007234e-01 3.429264311820273692e-01 -2.053906682823067431e+00
5.425608141999549439e-01 3.339009209254621968e-01 -1.828687708665645895e+00
7.749443375616930085e-01 3.193354867516143836e-01 -1.656062561936347377e+00
7.716740053623138973e-01 3.034912049701636860e-01 -1.467251764093280064e+00
7.918961458515672014e-01 2.008334751323659351e-01 -1.214257326983325669e+00
8.601688289979685376e-01 3.494558818449533533e-02 -1.010694050199516525e+00
8.115359185262575048e-01 -1.052512208033541952e-01 -8.615146699297389077e-01
7.208228795181867987e-01 -2.411778191252504921e-01 -7.974415661219932394e-01
5.777114167424910463e-01 -3.753473022650595237e-01 -7.440957302751615154e-01
5.553523291205951784e-01 -4.550058790358849081e-01 -7.521535444057362296e-01
5.022125361167260049e-01 -4.498334407136803659e-01 -6.618144986043280609e-01
5.428591413306976809e-01 -3.946519465646252112e-01 -6.124441171286157948e-01
4.806436990475246862e-01 -2.764039145479707527e-01 -5.308253730884295862e-01
4.662667657804089316e-01 -1.939276407117277723e-01 -4.597140464665621096e-01
6.332562916874486802e-01 -2.068878407085784354e-01 -5.016537671902832063e-01
5.738587101061050078e-01 -2.780047119193885807e-01 -4.663633249505960698e-01
5.402776540187453902e-01 -3.062562462029618793e-01 -4.666016622780845835e-01
1.076745821255198798e+00 -1.463834285404873592e-01 -4.828763444446200759e-01
7.239622573352327839e-02 1.391272122068383799e-01 -7.233095928640059791e-01
-3.576266035558869905e-01 1.623142453258583084e-02 -4.765412388741644967e-01
2.856242524275703909e-01 -3.362724511359534985e-01 -7.033075203033232192e-01
8.172700276632147709e-01 -4.202208492199301926e-01 -1.083216228811334503e+00
8.022228686162091726e-01 -4.508532980026730419e-01 -1.278695051212091593e+00
6.855161149785768959e-01 -5.867550489022594906e-01 -1.410686099006219774e+00
4.229275151220212026e-01 -7.767467427198233576e-01 -1.163452693369549040e+00
2.282958411442734259e-01 -9.947365951260230821e-01 -8.009164727162972897e-01
-3.325743650010509755e-03 -1.123212919187228431e+00 -6.377120335606649704e-01
-1.848962200015296653e-01 -1.201193163842607436e+00 -6.988019209968820977e-01
-1.954817890919205436e-01 -1.244177699037834373e+00 -7.052114957942344775e-01
-2.172468516762067758e-01 -1.213955721853118508e+00 -6.844345453743918561e-01
-2.790760915708164758e-01 -1.178578854983029167e+00 -5.996534213814250780e-01
-2.241867469517325462e-01 -1.141662098394514491e+00 -5.982890679551426949e-01
-2.486348050002229471e-01 -1.063430324767469459e+00 -6.744125158724856295e-01
-4.019972835360250407e-01 -9.067348777307128183e-01 -7.341423441018275486e-01
-4.827759547752427105e-01 -8.501580761229854399e-01 -7.100578361004945549e-01
-6.022720079234138435e-01 -8.249441913024675443e-01 -6.840892955318166324e-01
-7.151123812252715428e-01 -8.332241177153254519e-01 -5.600422232661034228e-01
-6.108527512956880567e-01 -9.393500984668150533e-01 -4.338679492540022387e-01
-7.276704057247613822e-01 -1.047895829075371488e+00 -2.992587617728191818e-01
-6.404412362886959809e-01 -1.180781961251736956e+00 -2.072341975266364100e-01
-6.379320486934700885e-01 -1.298464896374266431e+00 -2.389312558216654114e-01
-6.478963933316359558e-01 -1.331771952007242632e+00 -1.700345561692604146e-01
-5.816358815248752201e-01 -1.167580244025373304e+00 -2.780300966054413681e-01
-5.713058661738893429e-01 -8.260801510522332025e-01 -4.667898760029203231e-01
-1.441506607772906623e-01 -6.656211928340260986e-01 -5.707354220071492179e-01
-4.751966261331478369e-01 -6.970738139309117232e-01 -7.788845029197115633e-01
-2.096584990902378154e-01 -7.946941688112160174e-01 -7.275016404694076844e-01
-6.236989485006925182e-01 -8.700715303790675925e-01 -6.696800110470356726e-01
-5.399901465677168222e-01 -8.999601767135776420e-01 -2.477306044990037204e-01
-8.938064885713207230e-01 -7.399334172780337449e-01 -5.832777925020435905e-01
-9.801342368201814148e-01 -6.737101762431221275e-01 -5.907855700102888630e-01
-1.119896332921064053e+00 -6.039410881555081767e-01 -7.652747003047302154e-01
-1.034695357910051960e+00 -5.021609208566317761e-01 -8.013239900451065711e-01
-8.615414055578327623e-01 -2.897741327950471568e-01 -7.575835482013271172e-01
-6.701578389381769307e-01 -8.178793340138110213e-02 -7.315467098618131381e-01
-4.821237039385027900e-01 3.061260558573852819e-02 -7.276078406929594733e-01
-3.573111472309489223e-01 5.655192348148879722e-02 -6.669890357210133125e-01
-1.348788039127374605e-01 -1.051057525964424477e-02 -5.343287887984145001e-01
-1.821679089606270119e-01 -2.400472939172634823e-02 -4.808681951145685196e-01
-3.403098643178565363e-01 -8.420294478775763869e-02 -5.428193400267089519e-01
-2.551870651160145220e-01 -1.661372830054491656e-01 -3.881925711641610599e-01
-3.300441874905028494e-01 -1.743457832804089502e-01 -3.272111500668558604e-01
-1.487205745246029942e-01 -1.989251236777312692e-01 -2.000832039274444418e-01
-5.038295004143188149e-02 -1.628738184753122931e-01 -1.615226983782576398e-01
-2.428184519793310028e-02 -7.890124415076292530e-02 -1.093772370296732105e-01
3.277245617436293224e-02 -3.176424457392756223e-02 -1.526959052225950603e-03
7.385223093013426610e-02 1.461612416254378516e-02 2.855980705654761337e-02
1.512292710075746338e-01 -7.282332482005079988e-02 7.771827114437708517e-02
2.290991889534701453e-01 -2.289979522524100697e-01 1.117522814937802617e-01
3.776047554465137845e-01 -3.315003367432989845e-01 1.517869542195833255e-01
3.952349760325897798e-01 -3.299859145462780696e-01 1.397287215341738442e-01
4.261759045940705648e-01 -2.462716071977746612e-01 1.175253404872781959e-01
4.413172637177855129e-01 -3.119264822586031993e-01 2.274935815873052880e-01
1.752464699847609553e-01 -1.374380517898187160e-01 1.399197252353615376e-02
2.490320072407533336e-01 2.629108345486674825e-02 -1.738456989241051742e-01
3.542821189729364884e-01 3.101560490263235437e-01 -2.485925974248368031e-01
3.309642797699126615e-01 4.544400193012440026e-01 -2.033080990439583569e-01
1.933499519903536246e-01 4.507600846462929134e-01 -1.217766374802443929e-01
1.733767622721230639e-01 3.224371948590935011e-01 9.865408948662347799e-02
1.355191422874360840e-01 1.558547110343078135e-01 -1.203195125863062986e-02
9.002036957545805906e-02 9.601290604253839844e-02 1.089299642190551809e-01
-4.269924281174371922e-02 1.088743100918624085e-01 8.009013438822996933e-02
-1.255514059195310117e-01 1.270145231141736608e-01 9.043127648500932925e-02
-1.376189118520810550e-01 1.467786153794573556e-01 1.368731303723943749e-01
-2.918870398418719203e-01 1.844359842917613901e-01 1.456131363293801106e-01
-3.461965529298995925e-01 2.014322989365380234e-01 2.036144253033081997e-01
-3.837551525996342749e-01 1.560092640261901420e-01 2.201718447695753811e-01
-3.205816735758494351e-01 1.166424555628854942e-01 2.679833887045384722e-01
-2.731164890052024119e-01 8.450244028208797609e-02 3.146668999844809411e-01
-2.482200018146814013e-01 -1.543140546250462708e-02 3.611295524622312736e-01
-6.803583684615475968e-02 -1.169437065678558818e-01 4.129642321167956154e-01
1.042559383302138071e-01 -1.387312304839972144e-01 2.569607805838912684e-01
4.036754272813791178e-01 -2.842330423162343633e-01 2.276697799222675567e-01
4.825714521904069798e-01 -4.185256812976754226e-01 1.387071086215787008e-01
4.746022765556491274e-01 -4.328447245897847351e-01 5.106852601151432025e-02
7.167320898709390598e-01 -4.280303489878267142e-01 5.330859177923585879e-04
7.244188118052973246e-01 -3.031306571987432696e-01 5.024090186152353754e-02
9.462320499976736299e-01 -2.576859882955723768e-01 1.610756296723198644e-01
1.002268047011632524e+00 -4.751940009674401333e-01 1.655175789275719622e-01
1.829291076247923920e-01 -1.945223515589171170e-01 -1.924454790780656954e-01
4.186207262946021190e-01 -1.047371736104014545e-01 3.884657131182216866e-02
-1.263785012168689159e-01 2.014606458533164113e-01 1.669646165106322133e-01
-4.650306056219163930e-01 4.088314986168082865e-01 3.750462896132267798e-01
-3.613579424896826708e-01 5.251514442596108001e-01 4.081360222311526953e-01
-4.155628356230098297e-01 6.356688215723406143e-01 2.151090757332083103e-01
-4.336006554966105320e-01 6.708058329660713248e-01 1.803992917879806701e-01
-3.381377471960017589e-01 7.079155920212065745e-01 1.670705524755258797e-01
-2.198804159898523070e-01 7.790429752985290612e-01 9.176202936479226080e-02
-2.667920330860033551e-01 8.803293435928809529e-01 1.697643593821687724e-02
-1.280121323174998049e-01 8.296099651773234385e-01 3.493538801855339965e-02
-4.392847986205119376e-02 7.188454257930372293e-01 -7.026496099514759411e-03
-1.249481903533298105e-01 5.937787721754481662e-01 -1.081971211781779380e-01
-1.696870946066284802e-01 3.903748767574771739e-01 -1.095093040957965946e-01
-1.623563384233261964e-01 1.951163191816182030e-01 -2.631144260178976471e-02
-1.041941539475560036e-01 5.291196899817399851e-02 -2.893315767228441665e-02
-5.403671720298351688e-02 -4.705656966633578464e-02 -2.891329573331397756e-02
3.913346430408274484e-02 -1.125485569624620485e-01 -1.297606266278486693e-02
1.122178515356156009e-01 -1.008904995781437219e-01 7.251609793909173651e-03
2.418789865238477887e-01 -9.915068587871166128e-02 -3.451245575118240538e-02
3.454298833760079956e-01 -1.882122577062592117e-01 -1.656483591679047684e-02
2.919293978822727342e-01 -2.266968867093191453e-01 -9.098136332456109587e-02
3.801809845780348973e-01 -3.205673246086176431e-01 -9.798339326410983319e-02
2.771750629016613843e-01 -3.857151488469124923e-01 -4.744932778727477957e-02
1.880411550207057580e-01 -2.658490335304725116e-01 -2.768459523620672019e-02
1.226547543869930035e+00 -4.868677418098312781e-01 3.586399356647801961e-01
-4.008833073894944588e-01 -1.029259890663434540e-01 1.492748428822083390e-02
6.707518311735507499e-01 1.113642691349320812e-01 5.283312209545927285e-01
5.000734090558832667e-01 4.656638072791564609e-01 2.145904935231472688e-01
5.013472051952649888e-01 5.697674243757082646e-01 1.553729632749843714e-02
5.206793166893352032e-01 5.095867604798698380e-01 -2.941943882127510956e-02
6.284654961695184117e-01 3.660303782637029935e-01 -1.003498645529204980e-03
1.228305344594330939e-01 3.980615143626655694e-01 -3.158995223448611833e-01
4.547432346160604211e-01 3.717058927176641325e-01 -3.554724976544667431e-02
2.481578392694430008e-02 4.875266205862613944e-01 -9.979144182158532217e-02
-2.372282319942209394e-01 5.288873532667112132e-01 -1.148548242453449608e-01
-4.435986008451204832e-01 4.767687691056745614e-01 -2.434816456555878583e-02
-4.935918981631313152e-01 4.156122711381120549e-01 7.286667570390056858e-02
-5.077082261955028208e-01 2.954491527966078279e-01 5.547559309446670195e-02
-6.917524565649865176e-01 2.540205677447955890e-01 -8.589935581201127435e-02
-3.686839589729120625e-01 5.869303364726435185e-02 9.858818060163829222e-02
-3.852731526038294385e-01 2.089574547527891374e-02 1.482552021814866061e-02
-3.038453029574667563e-01 2.991172331850183719e-02 -1.042625737274302869e-02
-2.509882961859202788e-01 2.579826757531221773e-02 -9.747208838160499600e-04
-5.346957544079689040e-02 -8.682003101446966048e-03 3.724934406573349871e-02
-5.421713543656221657e-02 -1.026421767543232721e-02 1.037790714670583925e-01
-1.290751434099667305e-01 2.334815148887548625e-03 2.092662598024477155e-02
-1.528428303864976245e-01 -9.661716464525321735e-02 -4.164575892400512042e-02
-3.117154380591398086e-02 -2.465505135443465667e-01 -4.056292480547953050e-02
9.414307557588794118e-02 -2.391101150966507549e-01 -4.950645823101332277e-02
2.465314016254988583e-01 -1.057544582768902008e-01 -2.604664026565566351e-02
8.998623377402082957e-01 -2.641563807563861999e-01 -1.252491762106543172e-02
-8.532756913389698550e-01 6.411163899793920207e-02 -4.030857201601181217e-01
6.129479918220042123e-01 -5.136844681064103163e-02 1.771065934166053957e-01
-4.525746060932356318e-01 1.209106738504347328e-01 -7.008424060076862139e-02
-5.190878621452952313e-01 3.067628299528500357e-01 1.577765599122564200e-01
-6.281346357268289271e-01 5.811263722630883866e-01 8.340384565873626421e-02
-4.617287699551221869e-01 7.407377438890578869e-01 -1.439217953884186496e-02
-3.849322659578195971e-01 8.622239831399154397e-01 -3.494735768148329869e-02
-2.021442562756164962e-01 9.300434398171038008e-01 -1.328401296180763969e-01
1.891564021523053918e-01 9.097796947837955006e-01 -1.750158738569141947e-01
2.888288170459299420e-01 8.522058690164592276e-01 -3.570885490673492146e-02
3.161908694043465973e-01 7.251917823355429338e-01 -1.002627068471724364e-01
2.908685744805160622e-01 5.997756452485834000e-01 -1.348853921124075483e-01
3.616641839007470605e-01 4.475780796809422091e-01 -1.433719443040610275e-01
3.585627882731992067e-01 3.920219454029694184e-01 -2.174524563720083847e-01
3.154587941022690134e-01 3.013035794506715437e-01 -2.235622937231480090e-01
2.729781495496790278e-01 2.275965022229469725e-01 -1.666041926492643765e-01
2.181878312187626456e-01 1.811043024903984944e-01 -8.067026952675318552e-02
2.105997720346238777e-01 2.270844812183879791e-01 2.691853266133456546e-04
2.555745865528185612e-01 2.428906758129656673e-01 1.733852443193097462e-02
2.576845994070889323e-01 2.400095926538786673e-01 7.561611238839836130e-03
2.208084186246809244e-01 1.732732616780748025e-01 -6.040796157717188974e-02
2.107365012046724106e-01 6.424548403035863775e-02 -2.329659946683311153e-02
2.785893069055933591e-01 -3.799413268261436077e-02 3.656828585751571714e-02
4.983190862958013223e-02 -3.942090999247357952e-02 -1.029918189462031286e-02
6.808854551868849247e-01 -6.842811637775969569e-02 1.369775790154739437e-01
-2.138219589315337177e-01 -2.548526182173171950e-02 9.330140983693281653e-02
4.675250948514407257e-01 -3.171299794246718595e-01 5.794067092459826984e-01
-4.732760106340399564e-01 -1.634901762177012330e-01 1.459589427806091411e-01
-5.999223025488798627e-02 -3.258423248056747656e-01 2.434926072784914519e-01
-1.101121226708422496e-01 -4.748273429885810359e-02 2.733978807112912301e-01
5.845872366876395665e-01 1.210630242156169878e-01 2.774039485708134634e-01
6.277878309024728098e-01 4.281498349436138051e-01 4.259912701598947415e-02
6.407083077485041800e-01 6.497366746472680310e-01 -7.533053014122553792e-02
1.707153414961502524e-01 7.053148846330922206e-01 -2.831628495867331147e-02
-1.069626346419914192e-01 6.680935814282666918e-01 -2.566876223731720530e-02
-3.088971709638147489e-01 5.253644783432507293e-01 -8.857174470267513422e-02
-5.185746799509352023e-01 3.469385774866516892e-01 -1.573754377319527553e-01
-7.702634116190989477e-01 2.181722329142650740e-01 -1.392307391746177014e-01
-7.711127810230787860e-01 7.122966989076508215e-02 -5.668355793443050072e-02
-6.290882537079488523e-01 -3.121321932047741582e-02 -6.375982381965156209e-03
-4.337499050769186848e-01 -7.862619383474885038e-02 -2.922713403371206276e-02
-2.887061486737705351e-01 -6.507563763249452071e-02 -5.906809549734083620e-02
-1.575639260130203834e-01 -6.493109067184409458e-03 -4.167229656504539692e-02
-5.632305060451454209e-02 9.573985775018883926e-02 -3.661972828373935562e-02
-7.272202458364056959e-03 1.868770545585991538e-01 -5.733111211119961553e-02
1.022741920877498489e-01 2.504248434265050061e-01 -1.185113201032227115e-01
9.137411061300636239e-02 2.894717845615095708e-01 -1.372360445562938736e-01
1.243650600823325292e-01 3.228638640375145474e-01 -1.017097026762109058e-01
7.317887046186569155e-02 3.302945361648195743e-01 -1.058907171313527296e-01
-2.271628031103123113e-01 3.249857590160576404e-01 -2.640753589429018500e-01
1.354915523267337107e-01 9.924473874237764448e-02 1.625656976026898515e-01
-6.906085143362215850e-02 -2.915948071922432744e-02 -1.266913775299975120e-01
1.839368791659729552e-01 -1.245716935901066830e-01 -7.685759832817347370e-02
1.215318502215693292e-01 -8.285266294171624024e-02 -1.237545684457280609e-01
3.575465629003958812e-01 -1.125657718484861514e-01 -6.547871552854292454e-02
8.945778453805353081e-01 -5.200927427217177934e-01 -2.886342912277058970e-01
-9.782007443867383190e-01 -2.933722318544684793e-01 -3.634614513795918489e-01
1.612677333870066843e+00 -9.256134876244723753e-01 1.683244033953290864e-01
5.366347831468560869e-01 -8.884900150901463567e-01 -5.011654305656350061e-01
1.499053764993671656e-01 -6.195453664018100159e-01 -7.273454005237091347e-02
-1.723820876543520342e-01 -2.745935628189840050e-01 7.065451804593933516e-02
-1.556154001245809992e-01 -8.105069584054705456e-02 1.331310257672105868e-01
-4.087321815646076384e-02 -5.614316990225742821e-03 2.335123536780605302e-01
-6.071761910077336233e-02 2.308000305435022048e-02 2.022787931166898090e-01
1.872632012731480500e-01 -8.643527549665186438e-02 2.171902802515580655e-01
2.548844137847445235e-01 -3.787574371647169924e-01 1.198273112275438368e-01
6.665275470340194242e-02 -6.652825349396636057e-01 3.132016338883813339e-02
5.476617726772279315e-01 -8.685252169326789229e-01 1.172827833532255337e-01
3.648478776638839349e-01 -1.003600180890446669e+00 -8.277944947160781330e-02
4.356180276573944909e-01 -1.091708635971722963e+00 1.996789168606477871e-01
4.016396098643955082e-01 -1.076677172395022808e+00 3.298972146994184063e-01
1.527276539004387146e-01 -1.007126121029867871e+00 3.188670118817561461e-01
3.982355163113190932e-01 -1.062067768180144034e+00 8.035692562667544614e-01
2.326680748524060649e-01 -1.039984964847604054e+00 6.598062380467484278e-01
3.724884419488516674e-01 -1.105285050678433523e+00 9.338791566167917724e-01
2.000567273679085267e-01 -1.092478494115189935e+00 1.061967144775981087e+00
4.213792538026569362e-02 -1.170255602263310157e+00 1.160809274826396731e+00
-1.011901484764381187e-01 -1.296693312190977609e+00 1.237703108563401821e+00
-2.858742048224607313e-01 -1.410273834988522212e+00 1.203472315896336964e+00
-5.162972256467747156e-01 -1.426858684764924501e+00 1.118843537658127607e+00
-6.181345815250146591e-01 -1.386796305392804962e+00 9.939635824660586483e-01
-7.213358766174717829e-01 -1.319453727833285406e+00 9.104460105911554857e-01
-8.251014264600192716e-01 -1.217024246941428745e+00 8.033555303228393507e-01
-7.305572890909260986e-01 -1.069441975956104907e+00 6.733078813093010817e-01
-5.582250014929336368e-01 -8.208605811816163111e-01 6.268091757228775318e-01
-3.944561758394945494e-01 -5.359147467774694196e-01 6.832015288730864944e-01
-2.503683667780375044e-02 -3.066706396737522988e-01 6.794824752892900666e-01
1.374145655547098221e-01 -1.842024506539980677e-01 6.324082519721512252e-01
3.685074194480161269e-01 -1.574485279148738481e-01 5.536948139166583127e-01
4.712140829452534097e-01 -1.768865009015631595e-01 4.972905680885825186e-01
5.391396343966565752e-01 -1.732388148849053622e-01 4.017626503694849971e-01
5.760230122040747025e-01 -2.006631171440264871e-01 3.227894422535952934e-01
5.532590458935237043e-01 -1.901812132206363859e-01 2.718892717631841704e-01
5.346724308206788345e-01 -2.465241781641165919e-01 2.975896017904748336e-01
4.637073610211626118e-01 -2.604752417251076091e-01 3.084914344743397985e-01
4.295695051627523853e-01 -2.433239447951686119e-01 3.442056767596168299e-01
4.115269777227330561e-01 -2.018720498892133119e-01 4.093608164515994963e-01
3.805489345819184077e-01 -1.767149140288070686e-01 4.161136946873512654e-01
3.102685829718035970e-01 -1.771864898129962285e-01 3.722386356806853258e-01
2.439535962508520561e-01 -1.676931396497415017e-01 3.950303945833644192e-01
2.601694583721890219e-01 -1.472414412191112298e-01 3.720114792100384093e-01
2.842728332864401519e-01 -9.001440076414211899e-02 3.091647341828822060e-01
3.542086541746803374e-01 -2.452297318417567817e-02 2.769098691974880566e-01
3.120608932242408540e-01 3.277477299583733683e-02 2.517149062176500252e-01
3.088363957743116561e-01 2.851829435051565081e-02 2.088010621607803985e-01
3.060865029206280563e-01 3.904526319618077668e-02 7.551553183128195679e-02
2.646218590943861804e-01 -1.422969873871694768e-02 4.120849921116010589e-02
2.990278606516936222e-01 -3.065645750080208884e-02 1.385063726233771997e-02
1.662913972440592247e-01 -7.863496832034244655e-02 -9.661248848817231838e-02
1.262811499851592689e-01 -1.483063461427580332e-01 -6.747624081267536433e-02
5.965918481855608801e-02 -1.632216951443707931e-01 -7.508761851319738223e-02
6.393466390683123779e-02 -1.689648019957784020e-01 -4.648065578977920997e-02
4.948529298272663635e-02 -1.475912033463113171e-01 -3.571619246506395340e-02
5.987723078828994377e-02 -7.019289537856546191e-02 -8.038758455111490175e-03
3.167454684305950896e-02 1.005168285836486458e-02 -8.034775665921409238e-03
-3.284419915567052088e-03 7.964271899414931966e-02 -5.253181628344098797e-02
-3.441737170960810360e-02 1.203223515515426251e-01 -8.941354005803400784e-02
-4.744935902814513551e-02 1.471148861314124368e-01 -9.042433495116089515e-02
-5.938927899217180673e-02 1.988474893542940269e-01 -8.309474676105522983e-02
-6.547677124521256165e-02 3.062034938512555593e-01 -9.837150114533267653e-02
-1.187107882347638033e-01 4.466674350005942484e-01 -1.203330745168219307e-01
-2.020305811844271826e-01 6.209192325764607556e-01 -1.908425668239182027e-01
-2.468983834662834276e-01 8.576514681573965682e-01 -2.199421110342402175e-01
-3.046956921048299405e-01 1.174710056996012497e+00 -3.051829190947353276e-01
-4.496177246485349999e-01 1.476386957022157720e+00 -3.800271900045154583e-01
-5.672043116845064681e-01 1.527623468704656151e+00 -4.195559373137984771e-01
-5.210854998159312190e-01 1.257445344081272065e+00 -3.681150255720515574e-01
-3.620759064828431573e-01 8.206048550554134735e-01 -3.109606756265354544e-01
-2.088803509710069062e-01 3.938022280012393184e-01 -2.856301131559641493e-01
-9.013842791381387887e-02 1.337628798996458590e-01 -2.992262509008511429e-01
-8.656262865431864351e-02 3.653153040056186796e-02 -3.682436299748406694e-01
-9.794024615442206705e-02 -1.633510875373300752e-02 -4.508100549280317226e-01
-1.513986487251670898e-01 -4.867825233606196123e-02 -5.293987735891538815e-01
-2.405046316017845354e-01 -1.006535382295316028e-01 -6.346042999215858460e-01
-2.796050020075220299e-01 -1.672495732791814405e-01 -6.658110441253625167e-01
-2.932190186230094753e-01 -2.235867795867581276e-01 -6.847198112467476339e-01
-2.896945565848088044e-01 -2.365278974469305073e-01 -6.187935139377799265e-01
-2.989220560477026112e-01 -2.150760663040942045e-01 -5.291087328861346917e-01
-2.688540686231751797e-01 -1.897205017983353281e-01 -4.716159889106315006e-01
-2.279359911828131025e-01 -1.508883058443433733e-01 -4.213526318701859563e-01
-1.842913340924995369e-01 -1.148638365182914067e-01 -3.570104019488871128e-01
-1.532068988522351793e-01 -7.814308390270809090e-02 -2.942640437825446154e-01
-1.072644746054526588e-01 -2.825751567224475680e-02 -2.746833070585998904e-01
-5.982847139531705105e-02 -8.703834949297079016e-03 -2.446896111437408816e-01
-2.808907584532926993e-02 1.061273148063893168e-02 -2.230125529374416271e-01
-2.597766635788915923e-02 5.148424473112722666e-02 -1.954977241429259882e-01
-1.220460753619522810e-02 9.688623352655417742e-02 -1.843301984942387894e-01
-2.073400260466719269e-02 1.311516703898228109e-01 -1.586475831613861631e-01
-1.182445003835617785e-02 1.467272009644120245e-01 -1.613677003258070508e-01
1.276163449046576956e-02 1.438478757644193473e-01 -1.096319223000122717e-01
4.654056574641716321e-02 1.420632083216004649e-01 -4.426881895168394143e-02
7.448797907269451291e-02 1.600541204533328377e-01 -1.432798766665612129e-02
9.218565343831768011e-02 1.598899647873816277e-01 3.072601575254666276e-03
1.029878826017960602e-01 1.200088522420379722e-01 1.027454494113371267e-02
8.296198092751605468e-02 5.653883135833146639e-02 -6.481083490946382836e-03
4.757419164233623460e-02 -4.904410720746912866e-02 -1.930212410074451032e-02
4.965998807895853628e-02 -1.003567043481879556e-01 -3.209956903710840803e-02
2.784541561979393676e-02 -5.531934911230777796e-02 -7.116849002017359982e-02
2.605427535531716285e-02 -3.322291715880673624e-02 -1.288291944598287664e-01
4.205815485362242312e-02 -2.745297561088218263e-02 -1.593059711354757046e-01
6.802356997000152949e-02 -7.936524305369035970e-03 -1.790528507186819607e-01
3.808430500434473176e-02 1.965181330233928270e-02 -2.285530773480550781e-01
2.354310555800528948e-02 3.515067943504528170e-02 -2.880327856632631800e-01
1.058170827944941023e-02 3.760304114369211748e-02 -3.405846332391325171e-01
-3.431604073169423896e-02 8.259135346728035953e-02 -4.168633908391854437e-01
-8.858613680995811035e-02 1.095943149951144058e-01 -4.940131738160826735e-01
-1.007924865076791632e-01 1.203886274336487261e-01 -5.521477188735288699e-01
-8.401616013928585314e-02 1.027223458825434754e-01 -5.225748724305799842e-01
-7.583919803822325445e-02 6.547977350330910773e-02 -4.754235446934391707e-01
-4.382927504633794824e-02 6.053553351157617279e-02 -3.746890917939583177e-01
-1.329757123743535024e-02 6.739885727000063942e-02 -2.789585583915349387e-01
2.764346680908169596e-02 9.861425813521451644e-02 -1.818907821859493679e-01
2.183341131735589899e-02 1.311853001365427263e-01 -1.307210820194369683e-01
3.984985695354693880e-02 1.345138661750789333e-01 -3.925975167286218509e-02
1.383653460364695290e-02 1.302448816132176779e-01 4.182182769917678657e-03
6.765871657762705105e-03 1.413122062420148761e-01 8.825758545147800727e-02
-2.833532373478814953e-02 1.370751883810518157e-01 1.427828111333571126e-01
-5.993546239831879646e-02 1.428195307970828720e-01 1.474180612509904953e-01
-7.890686848976218026e-02 1.368265735895877744e-01 1.459162277639896588e-01
-8.147446093175191029e-02 1.153076357673962493e-01 1.456035089502101532e-01
-8.754302435420141526e-02 9.035651149659286452e-02 1.166191586450776307e-01
-1.028899771158533483e-01 8.507280565059184563e-02 9.139559945005998332e-02
-9.870775751095187123e-02 8.272427666098264298e-02 3.688680306120781238e-02
-5.546638113044950746e-02 5.989767027533476201e-02 1.676758926855594772e-02
-5.507659104618237850e-02 4.945237165108658239e-02 -1.421014541848154150e-02
-5.522393819726154757e-02 4.435269087722431419e-02 -4.361473726774495879e-02
-8.306167810704442878e-02 6.167514126487579074e-02 -1.120486410894811491e-01
-8.721311822630804789e-02 4.385415400861303326e-02 -8.605014143761104128e-02
-1.115608690660008506e-01 3.261032019925735881e-02 -1.234924724456536310e-01
-1.165674053921094133e-01 4.070933466225813702e-03 -1.076420560183852515e-01
